37 9001  1  9 1 2  0.000060  0.000460   0.00000     0     0    75    0 0  1.0082    0.00 0.90431 .10435 .00400     0.0   15.0     1
9001 9005  1  9 1 0  0.000800  0.003480   0.00000     0     0     0    0 0  0.0000    0.00 0.0000 0.0000 .00000  0.0000 0.0000     2
9001 9006  1  9 1 2  0.024390  0.436820   0.00000     0     0     0 9006 0  0.9668    0.00 0.9391 1.1478 .00417  0.9900 1.0100     3
9001 9012  1  9 1 2  0.036240  0.648980   0.00000     0     0     0 9012 0  0.9796    0.00 0.9391 1.1478 .00417  0.9900 1.0100     4
9005 9051  1  9 1 1  0.015780  0.374860   0.00000     0     0     0 9051 0  1.0435    0.00 0.9391 1.1478 .00417  0.9900 1.0100     5
9005 9052  1  9 1 2  0.015780  0.374860   0.00000     0     0     0 9052 0  0.9391    0.00 0.9391 1.1478 .00417  0.9900 1.0100     6
9005 9053  1  9 1 1  0.016020  0.380460   0.00000     0     0     0 9053 0  1.0435    0.00 0.9391 1.1478 .00417  0.9900 1.0100     7
9005 9054  1  9 1 1  0.000000  0.152000   0.00000     0     0     0    0 0  1.0435    0.00 0.0000 0.0000 .00000  0.0000 0.0000     8
9005 9055  1  9 1 1  0.000000  0.800000   0.00000     0     0     0    0 0  1.0435    0.00 0.0000 0.0000 .00000  0.0000 0.0000     9
9006 9007  1  9 1 0  0.055580  0.246660   0.00000     0     0     0    0 0  0.0000    0.00 0.0000 0.0000 .00000  0.0000 0.0000    10
9006 9003  1  9 1 0  0.111180  0.493320   0.00000     0     0     0    0 0  0.0000    0.00 0.0000 0.0000 .00000  0.0000 0.0000    11
9006 9003  1  9 2 0  0.111180  0.493320   0.00000     0     0     0    0 0  0.0000    0.00 0.0000 0.0000 .00000  0.0000 0.0000    12
9012 9002  1  9 1 0  0.076220  0.432860   0.00000     0     0     0    0 0  0.0000    0.00 0.0000 0.0000 .00000  0.0000 0.0000    13
9012 9002  1  9 2 0  0.076220  0.432860   0.00000     0     0     0    0 0  0.0000    0.00 0.0000 0.0000 .00000  0.0000 0.0000    14
9002 9021  1  9 1 0  0.053700  0.070260   0.00000     0     0     0    0 0  0.0000    0.00 0.0000 0.0000 .00000  0.0000 0.0000    15
9021 9023  1  9 1 0  1.106800  0.952780   0.00000     0     0     0    0 0  0.0000    0.00 0.0000 0.0000 .00000  0.0000 0.0000    16
9021 9022  1  9 1 1  0.443640  2.815200   0.00000     0     0     0    0 0  1.0000    0.00 0.0000 0.0000 .00000  0.0000 0.0000    17
9002 9024  1  9 1 1  0.507480  3.220200   0.00000     0     0     0    0 0  1.0000    0.00 0.0000 0.0000 .00000  0.0000 0.0000    18
9023 9025  1  9 1 1  0.666880  3.944000   0.00000     0     0     0    0 0  1.0000    0.00 0.0000 0.0000 .00000  0.0000 0.0000    19
9023 9026  1  9 1 1  0.611300  3.615200   0.00000     0     0     0    0 0  1.0000    0.00 0.0000 0.0000 .00000  0.0000 0.0000    20
9007 9071  1  9 1 1  0.441200  2.966800   0.00000     0     0     0    0 0  1.0000    0.00 0.0000 0.0000 .00000  0.0000 0.0000    21
9007 9072  1  9 1 1  0.307920  2.057000   0.00000     0     0     0    0 0  1.0000    0.00 0.0000 0.0000 .00000  0.0000 0.0000    22
9007 9003  1  9 1 0  0.055800  0.246660   0.00000     0     0     0    0 0  0.0000    0.00 0.0000 0.0000 .00000  0.0000 0.0000    23
9003 9031  1  9 1 1  0.736330  4.672400   0.00000     0     0     0    0 0  1.0000    0.00 0.0000 0.0000 .00000  0.0000 0.0000    24
9003 9032  1  9 1 1  0.769780  4.884600   0.00000     0     0     0    0 0  1.0000    0.00 0.0000 0.0000 .00000  0.0000 0.0000    25
9003 9033  1  9 1 1  0.757320  4.805600   0.00000     0     0     0    0 0  1.0000    0.00 0.0000 0.0000 .00000  0.0000 0.0000    26
9003 9044  1  9 1 0  0.073780  0.063520   0.00000     0     0     0    0 0  0.0000    0.00 0.0000 0.0000 .00000  0.0000 0.0000    27
9044 9004  1  9 1 0  0.038320  0.028940   0.00000     0     0     0    0 0  0.0000    0.00 0.0000 0.0000 .00000  0.0000 0.0000    28
9004 9041  1  9 1 1  0.366140  2.456000   0.00000     0     0     0    0 0  1.0000    0.00 0.0000 0.0000 .00000  0.0000 0.0000    29
9004 9042  1  9 1 1  1.059300  5.453600   0.00000     0     0     0    0 0  1.0000    0.00 0.0000 0.0000 .00000  0.0000 0.0000    30
9004 9043  1  9 1 1  0.156700  1.699400   0.00000     0     0     0    0 0  1.0000    0.00 0.0000 0.0000 .00000  0.0000 0.0000    31
9003 9034  1  9 1 1  0.130060  1.391200   0.00000     0     0     0    0 0  1.0000    0.00 0.0000 0.0000 .00000  0.0000 0.0000    32
9003 9035  1  9 1 1  0.544840  3.457200   0.00000     0     0     0    0 0  1.0000    0.00 0.0000 0.0000 .00000  0.0000 0.0000    33
9003 9036  1  9 1 1  0.154260  1.672900   0.00000     0     0     0    0 0  1.0000    0.00 0.0000 0.0000 .00000  0.0000 0.0000    34
9003 9037  1  9 1 1  0.384900  2.571200   0.00000     0     0     0    0 0  1.0000    0.00 0.0000 0.0000 .00000  0.0000 0.0000    35
9003 9038  1  9 1 1  0.441200  2.966800   0.00000     0     0     0    0 0  1.0000    0.00 0.0000 0.0000 .00000  0.0000 0.0000    36
9012 9121  1  9 1 0  0.235520  0.990360   0.00000     0     0     0    0 0  0.0000    0.00 0.0000 0.0000 .00000  0.0000 0.0000    37
9053 9533  1  9 1 1  0.000000  0.750000   0.00000     0     0     0    0 0  0.9583    0.00 0.0000 0.0000 .00000  0.0000 0.0000    38
   1    5  1  1 1 0  0.001000  0.006000   0.00000     0     0     0    0 0  0.0000    0.00 0.0000 0.0000 .00000  0.0000 0.0000    39
   2    6  1  1 1 0  0.001000  0.009000   0.00000     0     0     0    0 0  0.0000    0.00 0.0000 0.0000 .00000  0.0000 0.0000    40
   2    8  1  1 1 0  0.006000  0.027000   0.05400     0     0     0    0 0  0.0000    0.00 0.0000 0.0000 .00000  0.0000 0.0000    41
   3    7  1  1 1 0  0.000000  0.003000   0.00000     0     0     0    0 0  0.0000    0.00 0.0000 0.0000 .00000  0.0000 0.0000    42
   3   19  1  1 1 0  0.008000  0.069000   0.13900     0     0     0    0 0  0.0000    0.00 0.0000 0.0000 .00000  0.0000 0.0000    43
   3  150  1  2 1 0  0.001000  0.007000   0.00000     0     0     0    0 0  0.0000    0.00 0.0000 0.0000 .00000  0.0000 0.0000    44
   4   16  1  1 1 0  0.002000  0.019000   1.12700     0     0     0    0 0  0.0000    0.00 0.0000 0.0000 .00000  0.0000 0.0000    45
   5    9  1  1 1 0  0.006000  0.029000   0.01800     0     0     0    0 0  0.0000    0.00 0.0000 0.0000 .00000  0.0000 0.0000    46
   7   12  1  1 1 0  0.001000  0.009000   0.07000     0     0     0    0 0  0.0000    0.00 0.0000 0.0000 .00000  0.0000 0.0000    47
   7  131  1  2 1 0  0.001000  0.007000   0.01400     0     0     0    0 0  0.0000    0.00 0.0000 0.0000 .00000  0.0000 0.0000    48
   8   11  1  1 1 0  0.013000  0.059500   0.03300     0     0     0    0 0  0.0000    0.00 0.0000 0.0000 .00000  0.0000 0.0000    49
   8   14  1  1 1 0  0.013000  0.042000   0.08100     0     0     0    0 0  0.0000    0.00 0.0000 0.0000 .00000  0.0000 0.0000    50
   9   11  1  1 1 0  0.006000  0.027000   0.01300     0     0     0    0 0  0.0000    0.00 0.0000 0.0000 .00000  0.0000 0.0000    51
  11   13  1  1 1 0  0.008000  0.034000   0.01800     0     0     0    0 0  0.0000    0.00 0.0000 0.0000 .00000  0.0000 0.0000    52
  12   21  1  1 1 0  0.002000  0.015000   0.11800     0     0     0    0 0  0.0000    0.00 0.0000 0.0000 .00000  0.0000 0.0000    53
  13   20  1  1 1 0  0.006000  0.034000   0.01600     0     0     0    0 0  0.0000    0.00 0.0000 0.0000 .00000  0.0000 0.0000    54
  14   15  1  1 1 0  0.014000  0.042000   0.09700     0     0     0    0 0  0.0000    0.00 0.0000 0.0000 .00000  0.0000 0.0000    55
  15   37  1  1 1 0  0.065000  0.248000   0.12100     0     0     0    0 0  0.0000    0.00 0.0000 0.0000 .00000  0.0000 0.0000    56
  15   89  1  1 1 0  0.099000  0.248000   0.03500     0     0     0    0 0  0.0000    0.00 0.0000 0.0000 .00000  0.0000 0.0000    57
  15   90  1  1 1 0  0.096000  0.363000   0.04800     0     0     0    0 0  0.0000    0.00 0.0000 0.0000 .00000  0.0000 0.0000    58
  16   42  1  1 1 0  0.002000  0.022000   1.28000     0     0     0    0 0  0.0000    0.00 0.0000 0.0000 .00000  0.0000 0.0000    59
  19   21  1  1 1 0  0.002000  0.018000   0.03600     0     0     0    0 0  0.0000    0.00 0.0000 0.0000 .00000  0.0000 0.0000    60
  19   87  1  1 1 0  0.013000  0.080000   0.15100     0     0     0    0 0  0.0000    0.00 0.0000 0.0000 .00000  0.0000 0.0000    61
  20   22  1  1 1 0  0.016000  0.033000   0.01500     0     0     0    0 0  0.0000    0.00 0.0000 0.0000 .00000  0.0000 0.0000    62
  20   27  1  1 1 0  0.069000  0.186000   0.09800     0     0     0    0 0  0.0000    0.00 0.0000 0.0000 .00000  0.0000 0.0000    63
  21   24  1  1 1 0  0.004000  0.034000   0.28000     0     0     0    0 0  0.0000    0.00 0.0000 0.0000 .00000  0.0000 0.0000    64
  22   23  1  1 1 0  0.052000  0.111000   0.05000     0     0     0    0 0  0.0000    0.00 0.0000 0.0000 .00000  0.0000 0.0000    65
  23   25  1  1 1 0  0.019000  0.039000   0.01800     0     0     0    0 0  0.0000    0.00 0.0000 0.0000 .00000  0.0000 0.0000    66
  24  319  1  1 1 0  0.007000  0.068000   0.13400     0     0     0    0 0  0.0000    0.00 0.0000 0.0000 .00000  0.0000 0.0000    67
  25   26  1  1 1 0  0.036000  0.071000   0.03400     0     0     0    0 0  0.0000    0.00 0.0000 0.0000 .00000  0.0000 0.0000    68
  26   27  1  1 1 0  0.045000  0.120000   0.06500     0     0     0    0 0  0.0000    0.00 0.0000 0.0000 .00000  0.0000 0.0000    69
  26  320  1  1 1 0  0.043000  0.130000   0.01400     0     0     0    0 0  0.0000    0.00 0.0000 0.0000 .00000  0.0000 0.0000    70
  33   34  1  1 1 0  0.000000  0.063000   0.00000     0     0     0    0 0  0.0000    0.00 0.0000 0.0000 .00000  0.0000 0.0000    71
  33   38  1  1 1 0  0.002500  0.012000   0.01300     0     0     0    0 0  0.0000    0.00 0.0000 0.0000 .00000  0.0000 0.0000    72
  33   40  1  1 1 0  0.006000  0.029000   0.02000     0     0     0    0 0  0.0000    0.00 0.0000 0.0000 .00000  0.0000 0.0000    73
  33   41  1  1 1 0  0.007000  0.043000   0.02600     0     0     0    0 0  0.0000    0.00 0.0000 0.0000 .00000  0.0000 0.0000    74
  34   42  1  1 1 0  0.001000  0.008000   0.04200     0     0     0    0 0  0.0000    0.00 0.0000 0.0000 .00000  0.0000 0.0000    75
  35   72  1  1 1 0  0.012000  0.060000   0.00800     0     0     0    0 0  0.0000    0.00 0.0000 0.0000 .00000  0.0000 0.0000    76
  35   76  1  1 1 0  0.006000  0.014000   0.00200     0     0     0    0 0  0.0000    0.00 0.0000 0.0000 .00000  0.0000 0.0000    77
  35   77  1  1 1 0  0.010000  0.029000   0.00300     0     0     0    0 0  0.0000    0.00 0.0000 0.0000 .00000  0.0000 0.0000    78
  36   88  1  1 1 0  0.004000  0.027000   0.04300     0     0     0    0 0  0.0000    0.00 0.0000 0.0000 .00000  0.0000 0.0000    79
  37   38  1  1 1 0  0.008000  0.047000   0.00800     0     0     0    0 0  0.0000    0.00 0.0000 0.0000 .00000  0.0000 0.0000    80
  37   40  1  1 1 0  0.022000  0.064000   0.00700     0     0     0    0 0  0.0000    0.00 0.0000 0.0000 .00000  0.0000 0.0000    81
  37   41  1  1 1 0  0.010000  0.036000   0.02000     0     0     0    0 0  0.0000    0.00 0.0000 0.0000 .00000  0.0000 0.0000    82
  37   49  1  1 1 0  0.017000  0.081000   0.04800     0     0     0    0 0  0.0000    0.00 0.0000 0.0000 .00000  0.0000 0.0000    83
  37   89  1  1 1 0  0.102000  0.254000   0.03300     0     0     0    0 0  0.0000    0.00 0.0000 0.0000 .00000  0.0000 0.0000    84
  37   90  1  1 1 0  0.047000  0.127000   0.01600     0     0     0    0 0  0.0000    0.00 0.0000 0.0000 .00000  0.0000 0.0000    85
  38   41  1  1 1 0  0.008000  0.037000   0.02000     0     0     0    0 0  0.0000    0.00 0.0000 0.0000 .00000  0.0000 0.0000    86
  38   43  1  1 1 0  0.032000  0.087000   0.04000     0     0     0    0 0  0.0000    0.00 0.0000 0.0000 .00000  0.0000 0.0000    87
  39   42  1  1 1 0  0.000600  0.006400   0.40400     0     0     0    0 0  0.0000    0.00 0.0000 0.0000 .00000  0.0000 0.0000    88
  40   48  1  1 1 0  0.026000  0.154000   0.02200     0     0     0    0 0  0.0000    0.00 0.0000 0.0000 .00000  0.0000 0.0000    89
  41   42  1  1 1 0  0.000000  0.029000   0.00000     0     0     0    0 0  0.0000    0.00 0.0000 0.0000 .00000  0.0000 0.0000    90
  41   49  1  1 1 0  0.065000  0.191000   0.02000     0     0     0    0 0  0.0000    0.00 0.0000 0.0000 .00000  0.0000 0.0000    91
  41   51  1  1 1 0  0.031000  0.089000   0.03600     0     0     0    0 0  0.0000    0.00 0.0000 0.0000 .00000  0.0000 0.0000    92
  42   46  1  1 1 0  0.002000  0.014000   0.80600     0     0     0    0 0  0.0000    0.00 0.0000 0.0000 .00000  0.0000 0.0000    93
  43   44  1  1 1 0  0.026000  0.072000   0.03500     0     0     0    0 0  0.0000    0.00 0.0000 0.0000 .00000  0.0000 0.0000    94
  43   48  1  1 1 0  0.095000  0.262000   0.03200     0     0     0    0 0  0.0000    0.00 0.0000 0.0000 .00000  0.0000 0.0000    95
  43   53  1  1 1 0  0.013000  0.039000   0.01600     0     0     0    0 0  0.0000    0.00 0.0000 0.0000 .00000  0.0000 0.0000    96
  44   47  1  1 1 0  0.027000  0.084000   0.03900     0     0     0    0 0  0.0000    0.00 0.0000 0.0000 .00000  0.0000 0.0000    97
  44   54  1  1 1 0  0.028000  0.084000   0.03700     0     0     0    0 0  0.0000    0.00 0.0000 0.0000 .00000  0.0000 0.0000    98
  45   60  1  1 1 0  0.007000  0.041000   0.31200     0     0     0    0 0  0.0000    0.00 0.0000 0.0000 .00000  0.0000 0.0000    99
  45   74  1  1 1 0  0.009000  0.054000   0.41100     0     0     0    0 0  0.0000    0.00 0.0000 0.0000 .00000  0.0000 0.0000   100
  46   81  1  1 1 0  0.005000  0.042000   0.69000     0     0     0    0 0  0.0000    0.00 0.0000 0.0000 .00000  0.0000 0.0000   101
  47   73  1  1 1 0  0.052000  0.145000   0.07300     0     0     0    0 0  0.0000    0.00 0.0000 0.0000 .00000  0.0000 0.0000   102
  47  113  1  1 1 0  0.043000  0.118000   0.01300     0     0     0    0 0  0.0000    0.00 0.0000 0.0000 .00000  0.0000 0.0000   103
  48  107  1  1 1 0  0.025000  0.062000   0.00700     0     0     0    0 0  0.0000    0.00 0.0000 0.0000 .00000  0.0000 0.0000   104
  49   51  1  1 1 0  0.031000  0.094000   0.04300     0     0     0    0 0  0.0000    0.00 0.0000 0.0000 .00000  0.0000 0.0000   105
  51   52  1  1 1 0  0.037000  0.109000   0.04900     0     0     0    0 0  0.0000    0.00 0.0000 0.0000 .00000  0.0000 0.0000   106
  52   55  1  1 1 0  0.027000  0.080000   0.03600     0     0     0    0 0  0.0000    0.00 0.0000 0.0000 .00000  0.0000 0.0000   107
  53   54  1  1 1 0  0.025000  0.073000   0.03500     0     0     0    0 0  0.0000    0.00 0.0000 0.0000 .00000  0.0000 0.0000   108
  54   55  1  1 1 0  0.035000  0.103000   0.04700     0     0     0    0 0  0.0000    0.00 0.0000 0.0000 .00000  0.0000 0.0000   109
  55   57  1  1 1 0  0.065000  0.169000   0.08200     0     0     0    0 0  0.0000    0.00 0.0000 0.0000 .00000  0.0000 0.0000   110
  57   58  1  1 1 0  0.046000  0.080000   0.03600     0     0     0    0 0  0.0000    0.00 0.0000 0.0000 .00000  0.0000 0.0000   111
  57   63  1  1 1 0  0.159000  0.537000   0.07100     0     0     0    0 0  0.0000    0.00 0.0000 0.0000 .00000  0.0000 0.0000   112
  58   59  1  1 1 0  0.009000  0.026000   0.00500     0     0     0    0 0  0.0000    0.00 0.0000 0.0000 .00000  0.0000 0.0000   113
  59   61  1  1 1 0  0.002000  0.013000   0.01500     0     0     0    0 0  0.0000    0.00 0.0000 0.0000 .00000  0.0000 0.0000   114
  60   62  1  1 1 0  0.009000  0.065000   0.48500     0     0     0    0 0  0.0000    0.00 0.0000 0.0000 .00000  0.0000 0.0000   115
  62   64  1  1 1 0  0.016000  0.105000   0.20300     0     0     0    0 0  0.0000    0.00 0.0000 0.0000 .00000  0.0000 0.0000   116
  62  144  1  2 1 0  0.001000  0.007000   0.01300     0     0     0    0 0  0.0000    0.00 0.0000 0.0000 .00000  0.0000 0.0000   117
  63  526  1  1 1 0  0.026500  0.172000   0.02600     0     0     0    0 0  0.0000    0.00 0.0000 0.0000 .00000  0.0000 0.0000   118
  69  211  1  3 1 0  0.051000  0.232000   0.02800     0     0     0    0 0  0.0000    0.00 0.0000 0.0000 .00000  0.0000 0.0000   119
  69   79  1  1 1 0  0.051000  0.157000   0.02300     0     0     0    0 0  0.0000    0.00 0.0000 0.0000 .00000  0.0000 0.0000   120
  70   71  1  1 1 0  0.032000  0.100000   0.06200     0     0     0    0 0  0.0000    0.00 0.0000 0.0000 .00000  0.0000 0.0000   121
  70  528  1  1 1 0  0.020000  0.123400   0.02800     0     0     0    0 0  0.0000    0.00 0.0000 0.0000 .00000  0.0000 0.0000   122
  71   72  1  1 1 0  0.036000  0.131000   0.06800     0     0     0    0 0  0.0000    0.00 0.0000 0.0000 .00000  0.0000 0.0000   123
  71   73  1  1 1 0  0.034000  0.099000   0.04700     0     0     0    0 0  0.0000    0.00 0.0000 0.0000 .00000  0.0000 0.0000   124
  72   77  1  1 1 0  0.018000  0.087000   0.01100     0     0     0    0 0  0.0000    0.00 0.0000 0.0000 .00000  0.0000 0.0000   125
  72  531  1  1 1 0  0.025600  0.193000   0.00000     0     0     0    0 0  0.0000    0.00 0.0000 0.0000 .00000  0.0000 0.0000   126
  73   76  1  1 1 0  0.021000  0.057000   0.03000     0     0     0    0 0  0.0000    0.00 0.0000 0.0000 .00000  0.0000 0.0000   127
  73   79  1  1 1 0  0.018000  0.052000   0.01800     0     0     0    0 0  0.0000    0.00 0.0000 0.0000 .00000  0.0000 0.0000   128
  74   88  1  1 1 0  0.004000  0.027000   0.05000     0     0     0    0 0  0.0000    0.00 0.0000 0.0000 .00000  0.0000 0.0000   129
  74  562  1  1 1 0  0.028600  0.201300   0.37900     0     0     0    0 0  0.0000    0.00 0.0000 0.0000 .00000  0.0000 0.0000   130
  76   77  1  1 1 0  0.016000  0.043000   0.00400     0     0     0    0 0  0.0000    0.00 0.0000 0.0000 .00000  0.0000 0.0000   131
  77   78  1  1 1 0  0.001000  0.006000   0.00700     0     0     0    0 0  0.0000    0.00 0.0000 0.0000 .00000  0.0000 0.0000   132
  77   80  1  1 1 0  0.014000  0.070000   0.03800     0     0     0    0 0  0.0000    0.00 0.0000 0.0000 .00000  0.0000 0.0000   133
  77  552  1  1 1 0  0.089100  0.267600   0.02900     0     0     0    0 0  0.0000    0.00 0.0000 0.0000 .00000  0.0000 0.0000   134
  77  609  1  1 1 0  0.078200  0.212700   0.02200     0     0     0    0 0  0.0000    0.00 0.0000 0.0000 .00000  0.0000 0.0000   135
  78   79  1  1 1 0  0.006000  0.022000   0.01100     0     0     0    0 0  0.0000    0.00 0.0000 0.0000 .00000  0.0000 0.0000   136
  78   84  1  1 1 0  0.000000  0.036000   0.00000     0     0     0    0 0  0.0000    0.00 0.0000 0.0000 .00000  0.0000 0.0000   137
  79  211  1  3 1 0  0.099000  0.375000   0.05100     0     0     0    0 0  0.0000    0.00 0.0000 0.0000 .00000  0.0000 0.0000   138
  80  211  1  3 1 0  0.022000  0.107000   0.05800     0     0     0    0 0  0.0000    0.00 0.0000 0.0000 .00000  0.0000 0.0000   139
  81  194  1  3 1 0  0.003500  0.033000   0.53000     0     0     0    0 0  0.0000    0.00 0.0000 0.0000 .00000  0.0000 0.0000   140
  81  195  1  3 1 0  0.003500  0.033000   0.53000     0     0     0    0 0  0.0000    0.00 0.0000 0.0000 .00000  0.0000 0.0000   141
  85   86  1  1 1 0  0.008000  0.064000   0.12800     0     0     0    0 0  0.0000    0.00 0.0000 0.0000 .00000  0.0000 0.0000   142
  86   87  1  1 1 0  0.012000  0.093000   0.18300     0     0     0    0 0  0.0000    0.00 0.0000 0.0000 .00000  0.0000 0.0000   143
  86  323  1  1 1 0  0.006000  0.048000   0.09200     0     0     0    0 0  0.0000    0.00 0.0000 0.0000 .00000  0.0000 0.0000   144
  89   91  1  1 1 0  0.047000  0.119000   0.01400     0     0     0    0 0  0.0000    0.00 0.0000 0.0000 .00000  0.0000 0.0000   145
  90   92  1  1 1 0  0.032000  0.174000   0.02400     0     0     0    0 0  0.0000    0.00 0.0000 0.0000 .00000  0.0000 0.0000   146
  91   94  1  1 1 0  0.100000  0.253000   0.03100     0     0     0    0 0  0.0000    0.00 0.0000 0.0000 .00000  0.0000 0.0000   147
  91   97  1  1 1 0  0.022000  0.077000   0.03900     0     0     0    0 0  0.0000    0.00 0.0000 0.0000 .00000  0.0000 0.0000   148
  92  103  1  1 1 0  0.019000  0.144000   0.01700     0     0     0    0 0  0.0000    0.00 0.0000 0.0000 .00000  0.0000 0.0000   149
  92  105  1  1 1 0  0.017000  0.092000   0.01200     0     0     0    0 0  0.0000    0.00 0.0000 0.0000 .00000  0.0000 0.0000   150
  94   97  1  1 1 0  0.278000  0.427000   0.04300     0     0     0    0 0  0.0000    0.00 0.0000 0.0000 .00000  0.0000 0.0000   151
  97  100  1  1 1 0  0.022000  0.053000   0.00700     0     0     0    0 0  0.0000    0.00 0.0000 0.0000 .00000  0.0000 0.0000   152
  97  102  1  1 1 0  0.038000  0.092000   0.01200     0     0     0    0 0  0.0000    0.00 0.0000 0.0000 .00000  0.0000 0.0000   153
  97  103  1  1 1 0  0.048000  0.122000   0.01500     0     0     0    0 0  0.0000    0.00 0.0000 0.0000 .00000  0.0000 0.0000   154
  98  100  1  1 1 0  0.024000  0.064000   0.00700     0     0     0    0 0  0.0000    0.00 0.0000 0.0000 .00000  0.0000 0.0000   155
  98  102  1  1 1 0  0.034000  0.121000   0.01500     0     0     0    0 0  0.0000    0.00 0.0000 0.0000 .00000  0.0000 0.0000   156
  99  107  1  1 1 0  0.053000  0.135000   0.01700     0     0     0    0 0  0.0000    0.00 0.0000 0.0000 .00000  0.0000 0.0000   157
  99  108  1  1 1 0  0.002000  0.004000   0.00200     0     0     0    0 0  0.0000    0.00 0.0000 0.0000 .00000  0.0000 0.0000   158
  99  109  1  1 1 0  0.045000  0.354000   0.04400     0     0     0    0 0  0.0000    0.00 0.0000 0.0000 .00000  0.0000 0.0000   159
  99  110  1  1 1 0  0.050000  0.174000   0.02200     0     0     0    0 0  0.0000    0.00 0.0000 0.0000 .00000  0.0000 0.0000   160
 100  102  1  1 1 0  0.016000  0.038000   0.00400     0     0     0    0 0  0.0000    0.00 0.0000 0.0000 .00000  0.0000 0.0000   161
 102  104  1  1 1 0  0.043000  0.064000   0.02700     0     0     0    0 0  0.0000    0.00 0.0000 0.0000 .00000  0.0000 0.0000   162
 103  105  1  1 1 0  0.019000  0.062000   0.00800     0     0     0    0 0  0.0000    0.00 0.0000 0.0000 .00000  0.0000 0.0000   163
 104  108  1  1 1 0  0.076000  0.130000   0.04400     0     0     0    0 0  0.0000    0.00 0.0000 0.0000 .00000  0.0000 0.0000   164
 104  322  1  1 1 0  0.044000  0.124000   0.01500     0     0     0    0 0  0.0000    0.00 0.0000 0.0000 .00000  0.0000 0.0000   165
 105  107  1  1 1 0  0.012000  0.088000   0.01100     0     0     0    0 0  0.0000    0.00 0.0000 0.0000 .00000  0.0000 0.0000   166
 105  110  1  1 1 0  0.157000  0.400000   0.04700     0     0     0    0 0  0.0000    0.00 0.0000 0.0000 .00000  0.0000 0.0000   167
 108  324  1  1 1 0  0.074000  0.208000   0.02600     0     0     0    0 0  0.0000    0.00 0.0000 0.0000 .00000  0.0000 0.0000   168
 109  110  1  1 1 0  0.070000  0.184000   0.02100     0     0     0    0 0  0.0000    0.00 0.0000 0.0000 .00000  0.0000 0.0000   169
 109  113  1  1 1 0  0.100000  0.274000   0.03100     0     0     0    0 0  0.0000    0.00 0.0000 0.0000 .00000  0.0000 0.0000   170
 109  114  1  1 1 0  0.109000  0.393000   0.03600     0     0     0    0 0  0.0000    0.00 0.0000 0.0000 .00000  0.0000 0.0000   171
 110  112  1  1 1 0  0.142000  0.404000   0.05000     0     0     0    0 0  0.0000    0.00 0.0000 0.0000 .00000  0.0000 0.0000   172
 112  114  1  1 1 0  0.017000  0.042000   0.00600     0     0     0    0 0  0.0000    0.00 0.0000 0.0000 .00000  0.0000 0.0000   173
 115  122  1  2 1 0  0.003600  0.019900   0.00400     0     0     0    0 0  0.0000    0.00 0.0000 0.0000 .00000  0.0000 0.0000   174
 116  120  1  2 1 0  0.002000  0.104900   0.00100     0     0     0    0 0  0.0000    0.00 0.0000 0.0000 .00000  0.0000 0.0000   175
 117  118  1  2 1 0  0.000100  0.001800   0.01700     0     0     0    0 0  0.0000    0.00 0.0000 0.0000 .00000  0.0000 0.0000   176
 118  119  1  2 1 0  0.000000  0.027100   0.00000     0     0     0    0 0  0.0000    0.00 0.0000 0.0000 .00000  0.0000 0.0000   177
 118 1201  1  2 1 0  0.000000  0.616300   0.00000     0     0     0    0 0  0.0000    0.00 0.0000 0.0000 .00000  0.0000 0.0000   178
1201  120  1  2 1 0  0.000000 -0.369700   0.00000     0     0     0    0 0  0.0000    0.00 0.0000 0.0000 .00000  0.0000 0.0000   179
 118  121  1  2 1 0  0.002200  0.291500   0.00000     0     0     0    0 0  0.0000    0.00 0.0000 0.0000 .00000  0.0000 0.0000   180
 119  120  1  2 1 0  0.000000  0.033900   0.00000     0     0     0    0 0  0.0000    0.00 0.0000 0.0000 .00000  0.0000 0.0000   181
 119  121  1  2 1 0  0.000000  0.058200   0.00000     0     0     0    0 0  0.0000    0.00 0.0000 0.0000 .00000  0.0000 0.0000   182
 122  123  1  2 1 0  0.080800  0.234400   0.02900     0     0     0    0 0  0.0000    0.00 0.0000 0.0000 .00000  0.0000 0.0000   183
 122  125  1  2 1 0  0.096500  0.366900   0.05400     0     0     0    0 0  0.0000    0.00 0.0000 0.0000 .00000  0.0000 0.0000   184
 123  124  1  2 1 0  0.036000  0.107600   0.11700     0     0     0    0 0  0.0000    0.00 0.0000 0.0000 .00000  0.0000 0.0000   185
 123  125  1  2 1 0  0.047600  0.141400   0.14900     0     0     0    0 0  0.0000    0.00 0.0000 0.0000 .00000  0.0000 0.0000   186
 125  126  1  2 1 0  0.000600  0.019700   0.00000     0     0     0    0 0  0.0000    0.00 0.0000 0.0000 .00000  0.0000 0.0000   187
 126  127  1  2 1 0  0.005900  0.040500   0.25000     0     0     0    0 0  0.0000    0.00 0.0000 0.0000 .00000  0.0000 0.0000   188
 126  129  1  2 1 0  0.011500  0.110600   0.18500     0     0     0    0 0  0.0000    0.00 0.0000 0.0000 .00000  0.0000 0.0000   189
 126  132  1  2 1 0  0.019800  0.168800   0.32100     0     0     0    0 0  0.0000    0.00 0.0000 0.0000 .00000  0.0000 0.0000   190
 126  157  1  2 1 0  0.005000  0.050000   0.33000     0     0     0    0 0  0.0000    0.00 0.0000 0.0000 .00000  0.0000 0.0000   191
 126  158  1  2 1 0  0.007700  0.053800   0.33500     0     0     0    0 0  0.0000    0.00 0.0000 0.0000 .00000  0.0000 0.0000   192
 126  169  1  2 1 0  0.016500  0.115700   0.17100     0     0     0    0 0  0.0000    0.00 0.0000 0.0000 .00000  0.0000 0.0000   193
 127  128  1  2 1 0  0.005900  0.057700   0.09500     0     0     0    0 0  0.0000    0.00 0.0000 0.0000 .00000  0.0000 0.0000   194
 127  134  1  2 1 0  0.004900  0.033600   0.20800     0     0     0    0 0  0.0000    0.00 0.0000 0.0000 .00000  0.0000 0.0000   195
 127  168  1  2 1 0  0.005900  0.057700   0.09500     0     0     0    0 0  0.0000    0.00 0.0000 0.0000 .00000  0.0000 0.0000   196
 128  130  1  2 1 0  0.007800  0.077300   0.12600     0     0     0    0 0  0.0000    0.00 0.0000 0.0000 .00000  0.0000 0.0000   197
 128  133  1  2 1 0  0.002600  0.019300   0.03000     0     0     0    0 0  0.0000    0.00 0.0000 0.0000 .00000  0.0000 0.0000   198
 129  130  1  2 1 0  0.007600  0.075200   0.12200     0     0     0    0 0  0.0000    0.00 0.0000 0.0000 .00000  0.0000 0.0000   199
 129  133  1  2 1 0  0.002100  0.018600   0.03000     0     0     0    0 0  0.0000    0.00 0.0000 0.0000 .00000  0.0000 0.0000   200
 130  132  1  2 1 0  0.001600  0.016400   0.02600     0     0     0    0 0  0.0000    0.00 0.0000 0.0000 .00000  0.0000 0.0000   201
 130  151  1  2 1 0  0.001700  0.016500   0.02600     0     0     0    0 0  0.0000    0.00 0.0000 0.0000 .00000  0.0000 0.0000   202
 130  167  1  2 1 0  0.007900  0.079300   0.12700     0     0     0    0 0  0.0000    0.00 0.0000 0.0000 .00000  0.0000 0.0000   203
 130  168  1  2 1 0  0.007800  0.078400   0.12500     0     0     0    0 0  0.0000    0.00 0.0000 0.0000 .00000  0.0000 0.0000   204
 133  137  1  2 1 0  0.001700  0.011700   0.28900     0     0     0    0 0  0.0000    0.00 0.0000 0.0000 .00000  0.0000 0.0000   205
 133  168  1  2 1 0  0.002600  0.019300   0.03000     0     0     0    0 0  0.0000    0.00 0.0000 0.0000 .00000  0.0000 0.0000   206
 133  169  1  2 1 0  0.002100  0.018600   0.03000     0     0     0    0 0  0.0000    0.00 0.0000 0.0000 .00000  0.0000 0.0000   207
 133  171  1  2 1 0  0.000200  0.010100   0.00000     0     0     0    0 0  0.0000    0.00 0.0000 0.0000 .00000  0.0000 0.0000   208
 134  135  1  2 1 0  0.004300  0.029300   0.18000     0     0     0    0 0  0.0000    0.00 0.0000 0.0000 .00000  0.0000 0.0000   209
 134  184  1  2 1 0  0.003900  0.038100   0.25800     0     0     0    0 0  0.0000    0.00 0.0000 0.0000 .00000  0.0000 0.0000   210
 135  136  1  2 1 0  0.009100  0.062300   0.38500     0     0     0    0 0  0.0000    0.00 0.0000 0.0000 .00000  0.0000 0.0000   211
 136  137  1  2 1 0  0.012500  0.089000   0.54000     0     0     0    0 0  0.0000    0.00 0.0000 0.0000 .00000  0.0000 0.0000   212
 136  152  1  2 1 0  0.005600  0.039000   0.95300     0     0     0    0 0  0.0000    0.00 0.0000 0.0000 .00000  0.0000 0.0000   213
 137  140  1  2 1 0  0.001500  0.011400   0.28400     0     0     0    0 0  0.0000    0.00 0.0000 0.0000 .00000  0.0000 0.0000   214
 137  181  1  2 1 0  0.000500  0.003400   0.02100     0     0     0    0 0  0.0000    0.00 0.0000 0.0000 .00000  0.0000 0.0000   215
 137  186  1  2 1 0  0.000700  0.015100   0.12600     0     0     0    0 0  0.0000    0.00 0.0000 0.0000 .00000  0.0000 0.0000   216
 137  188  1  2 1 0  0.000500  0.003400   0.02100     0     0     0    0 0  0.0000    0.00 0.0000 0.0000 .00000  0.0000 0.0000   217
 139  172  1  2 1 0  0.056200  0.224800   0.08100     0     0     0    0 0  0.0000    0.00 0.0000 0.0000 .00000  0.0000 0.0000   218
 140  141  1  2 1 0  0.012000  0.083600   0.12300     0     0     0    0 0  0.0000    0.00 0.0000 0.0000 .00000  0.0000 0.0000   219
 140  142  1  2 1 0  0.015200  0.113200   0.68400     0     0     0    0 0  0.0000    0.00 0.0000 0.0000 .00000  0.0000 0.0000   220
 140  145  1  2 1 0  0.046800  0.336900   0.51900     0     0     0    0 0  0.0000    0.00 0.0000 0.0000 .00000  0.0000 0.0000   221
 140  146  1  2 1 0  0.043000  0.303100   0.46300     0     0     0    0 0  0.0000    0.00 0.0000 0.0000 .00000  0.0000 0.0000   222
 140  147  1  2 1 0  0.048900  0.349200   0.53800     0     0     0    0 0  0.0000    0.00 0.0000 0.0000 .00000  0.0000 0.0000   223
 140  182  1  2 1 0  0.001300  0.008900   0.11900     0     0     0    0 0  0.0000    0.00 0.0000 0.0000 .00000  0.0000 0.0000   224
 141  146  1  2 1 0  0.029100  0.226700   0.34200     0     0     0    0 0  0.0000    0.00 0.0000 0.0000 .00000  0.0000 0.0000   225
 142  143  1  2 1 0  0.006000  0.057000   0.76700     0     0     0    0 0  0.0000    0.00 0.0000 0.0000 .00000  0.0000 0.0000   226
 143  145  1  2 1 0  0.007500  0.077300   0.11900     0     0     0    0 0  0.0000    0.00 0.0000 0.0000 .00000  0.0000 0.0000   227
 143  149  1  2 1 0  0.012700  0.090900   0.13500     0     0     0    0 0  0.0000    0.00 0.0000 0.0000 .00000  0.0000 0.0000   228
 145  146  1  2 1 0  0.008500  0.058800   0.08700     0     0     0    0 0  0.0000    0.00 0.0000 0.0000 .00000  0.0000 0.0000   229
 145  149  1  2 1 0  0.021800  0.151100   0.22300     0     0     0    0 0  0.0000    0.00 0.0000 0.0000 .00000  0.0000 0.0000   230
 146  147  1  2 1 0  0.007300  0.050400   0.07400     0     0     0    0 0  0.0000    0.00 0.0000 0.0000 .00000  0.0000 0.0000   231
 148  178  1  2 1 0  0.052300  0.152600   0.07400     0     0     0    0 0  0.0000    0.00 0.0000 0.0000 .00000  0.0000 0.0000   232
 148  179  1  2 1 0  0.137100  0.391900   0.07600     0     0     0    0 0  0.0000    0.00 0.0000 0.0000 .00000  0.0000 0.0000   233
 152  153  1  2 1 0  0.013700  0.095700   0.14100     0     0     0    0 0  0.0000    0.00 0.0000 0.0000 .00000  0.0000 0.0000   234
 153  161  1  2 1 0  0.005500  0.028800   0.19000     0     0     0    0 0  0.0000    0.00 0.0000 0.0000 .00000  0.0000 0.0000   235
 154  156  1  2 1 0  0.174600  0.316100   0.04000     0     0     0    0 0  0.0000    0.00 0.0000 0.0000 .00000  0.0000 0.0000   236
 154  183  1  2 1 0  0.080400  0.305400   0.04500     0     0     0    0 0  0.0000    0.00 0.0000 0.0000 .00000  0.0000 0.0000   237
 155  161  1  2 1 0  0.011000  0.056800   0.38800     0     0     0    0 0  0.0000    0.00 0.0000 0.0000 .00000  0.0000 0.0000   238
 157  159  1  2 1 0  0.000800  0.009800   0.06900     0     0     0    0 0  0.0000    0.00 0.0000 0.0000 .00000  0.0000 0.0000   239
 158  159  1  2 1 0  0.002900  0.028500   0.19000     0     0     0    0 0  0.0000    0.00 0.0000 0.0000 .00000  0.0000 0.0000   240
 158  160  1  2 1 0  0.006600  0.044800   0.27700     0     0     0    0 0  0.0000    0.00 0.0000 0.0000 .00000  0.0000 0.0000   241
 162  164  1  2 1 0  0.002400  0.032600   0.23600     0     0     0    0 0  0.0000    0.00 0.0000 0.0000 .00000  0.0000 0.0000   242
 162  165  1  2 1 0  0.001800  0.024500   1.66200     0     0     0    0 0  0.0000    0.00 0.0000 0.0000 .00000  0.0000 0.0000   243
 163  164  1  2 1 0  0.004400  0.051400   3.59700     0     0     0    0 0  0.0000    0.00 0.0000 0.0000 .00000  0.0000 0.0000   244
 165  166  1  2 1 0  0.000200  0.012300   0.00000     0     0     0    0 0  0.0000    0.00 0.0000 0.0000 .00000  0.0000 0.0000   245
 167  169  1  2 1 0  0.001800  0.017800   0.02900     0     0     0    0 0  0.0000    0.00 0.0000 0.0000 .00000  0.0000 0.0000   246
 172  173  1  2 1 0  0.066900  0.484300   0.06300     0     0     0    0 0  0.0000    0.00 0.0000 0.0000 .00000  0.0000 0.0000   247
 172  174  1  2 1 0  0.055800  0.221000   0.03100     0     0     0    0 0  0.0000    0.00 0.0000 0.0000 .00000  0.0000 0.0000   248
 173  174  1  2 1 0  0.080700  0.333100   0.04900     0     0     0    0 0  0.0000    0.00 0.0000 0.0000 .00000  0.0000 0.0000   249
 173  175  1  2 1 0  0.073900  0.307100   0.04300     0     0     0    0 0  0.0000    0.00 0.0000 0.0000 .00000  0.0000 0.0000   250
 173  176  1  2 1 0  0.179900  0.501700   0.06900     0     0     0    0 0  0.0000    0.00 0.0000 0.0000 .00000  0.0000 0.0000   251
 175  176  1  2 1 0  0.090400  0.362600   0.04800     0     0     0    0 0  0.0000    0.00 0.0000 0.0000 .00000  0.0000 0.0000   252
 175  179  1  2 1 0  0.077000  0.309200   0.05400     0     0     0    0 0  0.0000    0.00 0.0000 0.0000 .00000  0.0000 0.0000   253
 176  177  1  2 1 0  0.025100  0.082900   0.04700     0     0     0    0 0  0.0000    0.00 0.0000 0.0000 .00000  0.0000 0.0000   254
 177  178  1  2 1 0  0.022200  0.084700   0.05000     0     0     0    0 0  0.0000    0.00 0.0000 0.0000 .00000  0.0000 0.0000   255
 178  179  1  2 1 0  0.049800  0.185500   0.02900     0     0     0    0 0  0.0000    0.00 0.0000 0.0000 .00000  0.0000 0.0000   256
 178  180  1  2 1 0  0.006100  0.029000   0.08400     0     0     0    0 0  0.0000    0.00 0.0000 0.0000 .00000  0.0000 0.0000   257
 181  138  1  2 1 0  0.000400  0.020200   0.00000     0     0     0    0 0  0.0000    0.00 0.0000 0.0000 .00000  0.0000 0.0000   258
 181  187  1  2 1 0  0.000400  0.008300   0.11500     0     0     0    0 0  0.0000    0.00 0.0000 0.0000 .00000  0.0000 0.0000   259
 184  185  1  2 1 0  0.002500  0.024500   0.16400     0     0     0    0 0  0.0000    0.00 0.0000 0.0000 .00000  0.0000 0.0000   260
 186  188  1  2 1 0  0.000700  0.008600   0.11500     0     0     0    0 0  0.0000    0.00 0.0000 0.0000 .00000  0.0000 0.0000   261
 187  188  1  2 1 0  0.000700  0.008600   0.11500     0     0     0    0 0  0.0000    0.00 0.0000 0.0000 .00000  0.0000 0.0000   262
 188  138  1  2 1 0  0.000400  0.020200   0.00000     0     0     0    0 0  0.0000    0.00 0.0000 0.0000 .00000  0.0000 0.0000   263
 189  208  1  3 1 0  0.033000  0.095000   0.00000     0     0     0    0 0  0.0000    0.00 0.0000 0.0000 .00000  0.0000 0.0000   264
 189  209  1  3 1 0  0.046000  0.069000   0.00000     0     0     0    0 0  0.0000    0.00 0.0000 0.0000 .00000  0.0000 0.0000   265
 190  231  1  3 1 0  0.000400  0.002200   6.20000     0     0     0    0 0  0.0000    0.00 0.0000 0.0000 .00000  0.0000 0.0000   266
 190  240  1  3 1 0  0.000000  0.027500   0.00000     0     0     0    0 0  0.0000    0.00 0.0000 0.0000 .00000  0.0000 0.0000   267
 191  192  1  3 1 0  0.003000  0.048000   0.00000     0     0     0    0 0  0.0000    0.00 0.0000 0.0000 .00000  0.0000 0.0000   268
 192  225  1  3 1 0  0.002000  0.009000   0.00000     0     0     0    0 0  0.0000    0.00 0.0000 0.0000 .00000  0.0000 0.0000   269
 193  205  1  3 1 0  0.045000  0.063000   0.00000     0     0     0    0 0  0.0000    0.00 0.0000 0.0000 .00000  0.0000 0.0000   270
 193  208  1  3 1 0  0.048000  0.127000   0.00000     0     0     0    0 0  0.0000    0.00 0.0000 0.0000 .00000  0.0000 0.0000   271
 194  219  1  3 1 0  0.003100  0.028600   0.50000     0     0     0    0 0  0.0000    0.00 0.0000 0.0000 .00000  0.0000 0.0000   272
 194  664  1  3 1 0  0.002400  0.035500   0.36000     0     0     0    0 0  0.0000    0.00 0.0000 0.0000 .00000  0.0000 0.0000   273
 195  219  1  3 1 0  0.003100  0.028600   0.50000     0     0     0    0 0  0.0000    0.00 0.0000 0.0000 .00000  0.0000 0.0000   274
 196  197  1  3 1 0  0.014000  0.040000   0.00400     0     0     0    0 0  0.0000    0.00 0.0000 0.0000 .00000  0.0000 0.0000   275
 196  210  1  3 1 0  0.030000  0.081000   0.01000     0     0     0    0 0  0.0000    0.00 0.0000 0.0000 .00000  0.0000 0.0000   276
 197  198  1  3 1 0  0.010000  0.060000   0.00900     0     0     0    0 0  0.0000    0.00 0.0000 0.0000 .00000  0.0000 0.0000   277
 197  211  1  3 1 0  0.015000  0.040000   0.00600     0     0     0    0 0  0.0000    0.00 0.0000 0.0000 .00000  0.0000 0.0000   278
 198  202  1  3 1 0  0.332000  0.688000   0.00000     0     0     0    0 0  0.0000    0.00 0.0000 0.0000 .00000  0.0000 0.0000   279
 198  203  1  3 1 0  0.009000  0.046000   0.02500     0     0     0    0 0  0.0000    0.00 0.0000 0.0000 .00000  0.0000 0.0000   280
 198  210  1  3 1 0  0.020000  0.073000   0.00800     0     0     0    0 0  0.0000    0.00 0.0000 0.0000 .00000  0.0000 0.0000   281
 198  211  1  3 1 0  0.034000  0.109000   0.03200     0     0     0    0 0  0.0000    0.00 0.0000 0.0000 .00000  0.0000 0.0000   282
 199  200  1  3 1 0  0.076000  0.135000   0.00900     0     0     0    0 0  0.0000    0.00 0.0000 0.0000 .00000  0.0000 0.0000   283
 199  210  1  3 1 0  0.040000  0.102000   0.00500     0     0     0    0 0  0.0000    0.00 0.0000 0.0000 .00000  0.0000 0.0000   284
 200  210  1  3 1 0  0.081000  0.128000   0.01400     0     0     0    0 0  0.0000    0.00 0.0000 0.0000 .00000  0.0000 0.0000   285
 201  204  1  3 1 0  0.124000  0.183000   0.00000     0     0     0    0 0  0.0000    0.00 0.0000 0.0000 .00000  0.0000 0.0000   286
 203  211  1  3 1 0  0.010000  0.059000   0.00800     0     0     0    0 0  0.0000    0.00 0.0000 0.0000 .00000  0.0000 0.0000   287
 204  205  1  3 1 0  0.046000  0.068000   0.00000     0     0     0    0 0  0.0000    0.00 0.0000 0.0000 .00000  0.0000 0.0000   288
 205  206  1  3 1 0  0.302000  0.446000   0.00000     0     0     0    0 0  0.0000    0.00 0.0000 0.0000 .00000  0.0000 0.0000   289
 206  207  1  1 1 0  0.073000  0.093000   0.00000     0     0     0    0 0  0.0000    0.00 0.0000 0.0000 .00000  0.0000 0.0000   290
 206  208  1  3 1 0  0.240000  0.421000   0.00000     0     0     0    0 0  0.0000    0.00 0.0000 0.0000 .00000  0.0000 0.0000   291
 212  215  1  3 1 0  0.013900  0.077800   0.08600     0     0     0    0 0  0.0000    0.00 0.0000 0.0000 .00000  0.0000 0.0000   292
 213  214  1  3 1 1  0.002500  0.038000   0.00000     0     0     0    0 0  1.0000    0.00 0.0000 0.0000 .00000  0.0000 0.0000   293
 214  215  1  3 1 0  0.001700  0.018500   0.02000     0     0     0    0 0  0.0000    0.00 0.0000 0.0000 .00000  0.0000 0.0000   294
 214  242  1  3 1 0  0.001500  0.010800   0.00200     0     0     0    0 0  0.0000    0.00 0.0000 0.0000 .00000  0.0000 0.0000   295
 215  216  1  3 1 0  0.004500  0.024900   0.02600     0     0     0    0 0  0.0000    0.00 0.0000 0.0000 .00000  0.0000 0.0000   296
 216  217  1  3 1 0  0.004000  0.049700   0.01800     0     0     0    0 0  0.0000    0.00 0.0000 0.0000 .00000  0.0000 0.0000   297
 217  218  1  3 1 0  0.000000  0.045600   0.00000     0     0     0    0 0  0.0000    0.00 0.0000 0.0000 .00000  0.0000 0.0000   298
 217  219  1  3 1 0  0.000500  0.017700   0.02000     0     0     0    0 0  0.0000    0.00 0.0000 0.0000 .00000  0.0000 0.0000   299
 217  220  1  3 1 0  0.002700  0.039500   0.83200     0     0     0    0 0  0.0000    0.00 0.0000 0.0000 .00000  0.0000 0.0000   300
 219  237  1  3 1 0  0.000300  0.001800   5.20000     0     0     0    0 0  0.0000    0.00 0.0000 0.0000 .00000  0.0000 0.0000   301
 220  218  1  3 1 0  0.003700  0.048400   0.43000     0     0     0    0 0  0.0000    0.00 0.0000 0.0000 .00000  0.0000 0.0000   302
 220  221  1  3 1 0  0.001000  0.029500   0.50300     0     0     0    0 0  0.0000    0.00 0.0000 0.0000 .00000  0.0000 0.0000   303
 220  238  1  3 1 0  0.001600  0.004600   0.40200     0     0     0    0 0  0.0000    0.00 0.0000 0.0000 .00000  0.0000 0.0000   304
 221  223  1  3 1 0  0.000300  0.001300   1.00000     0     0     0    0 0  0.0000    0.00 0.0000 0.0000 .00000  0.0000 0.0000   305
 222  237  1  3 1 1  0.001400  0.051400   0.33000     0     0     0    0 0  1.0000    0.00 0.0000 0.0000 .00000  0.0000 0.0000   306
 224  225  1  3 1 0  0.010000  0.064000   0.48000     0     0     0    0 0  0.0000    0.00 0.0000 0.0000 .00000  0.0000 0.0000   307
 224  226  1  3 1 0  0.001900  0.008100   0.86000     0     0     0    0 0  0.0000    0.00 0.0000 0.0000 .00000  0.0000 0.0000   308
 225  191  1  3 1 0  0.001000  0.061000   0.00000     0     0     0    0 0  0.0000    0.00 0.0000 0.0000 .00000  0.0000 0.0000   309
 226  231  1  3 1 0  0.000500  0.021200   0.00000     0     0     0    0 0  0.0000    0.00 0.0000 0.0000 .00000  0.0000 0.0000   310
 227  231  1  3 1 1  0.000900  0.047200   0.18600     0     0     0    0 0  1.0000    0.00 0.0000 0.0000 .00000  0.0000 0.0000   311
 228  229  1  3 1 0  0.001900  0.008700   1.28000     0     0     0    0 0  0.0000    0.00 0.0000 0.0000 .00000  0.0000 0.0000   312
 228  231  1  3 1 0  0.002600  0.091700   0.00000     0     0     0    0 0  0.0000    0.00 0.0000 0.0000 .00000  0.0000 0.0000   313
 228  234  1  3 1 0  0.001300  0.028800   0.81000     0     0     0    0 0  0.0000    0.00 0.0000 0.0000 .00000  0.0000 0.0000   314
 229  190  1  3 1 0  0.000000  0.062600   0.00000     0     0     0    0 0  0.0000    0.00 0.0000 0.0000 .00000  0.0000 0.0000   315
 231  232  1  3 1 0  0.000200  0.006900   1.36400     0     0     0    0 0  0.0000    0.00 0.0000 0.0000 .00000  0.0000 0.0000   316
 231  237  1  3 1 0  0.000100  0.000600   3.57000     0     0     0    0 0  0.0000    0.00 0.0000 0.0000 .00000  0.0000 0.0000   317
 232  233  1  3 1 0  0.001700  0.048500   0.00000     0     0     0    0 0  0.0000    0.00 0.0000 0.0000 .00000  0.0000 0.0000   318
 234  235  1  3 1 0  0.000200  0.025900   0.14400     0     0     0    0 0  0.0000    0.00 0.0000 0.0000 .00000  0.0000 0.0000   319
 234  237  1  3 1 0  0.000600  0.027200   0.00000     0     0     0    0 0  0.0000    0.00 0.0000 0.0000 .00000  0.0000 0.0000   320
 235  238  1  3 1 0  0.000200  0.000600   0.80000     0     0     0    0 0  0.0000    0.00 0.0000 0.0000 .00000  0.0000 0.0000   321
 241  237  1  3 1 1  0.000500  0.015400   0.00000     0     0     0    0 0  1.0000    0.00 0.0000 0.0000 .00000  0.0000 0.0000   322
 240  281  1  3 1 0  0.000300  0.004300   0.00900     0     0     0    0 0  0.0000    0.00 0.0000 0.0000 .00000  0.0000 0.0000   323
 242  245  1  3 1 0  0.008200  0.085100   0.00000     0     0     0    0 0  0.0000    0.00 0.0000 0.0000 .00000  0.0000 0.0000   324
 242  247  1  3 1 0  0.011200  0.072300   0.00000     0     0     0    0 0  0.0000    0.00 0.0000 0.0000 .00000  0.0000 0.0000   325
 243  244  1  3 1 0  0.012700  0.035500   0.00000     0     0     0    0 0  0.0000    0.00 0.0000 0.0000 .00000  0.0000 0.0000   326
 243  245  1  3 1 0  0.032600  0.180400   0.00000     0     0     0    0 0  0.0000    0.00 0.0000 0.0000 .00000  0.0000 0.0000   327
 244  246  1  3 1 0  0.019500  0.055100   0.00000     0     0     0    0 0  0.0000    0.00 0.0000 0.0000 .00000  0.0000 0.0000   328
 245  246  1  3 1 0  0.015700  0.073200   0.00000     0     0     0    0 0  0.0000    0.00 0.0000 0.0000 .00000  0.0000 0.0000   329
 245  247  1  3 1 0  0.036000  0.211900   0.00000     0     0     0    0 0  0.0000    0.00 0.0000 0.0000 .00000  0.0000 0.0000   330
 246  247  1  3 1 0  0.026800  0.128500   0.00000     0     0     0    0 0  0.0000    0.00 0.0000 0.0000 .00000  0.0000 0.0000   331
 247  248  1  3 1 0  0.042800  0.121500   0.00000     0     0     0    0 0  0.0000    0.00 0.0000 0.0000 .00000  0.0000 0.0000   332
 248  249  1  3 1 0  0.035100  0.100400   0.00000     0     0     0    0 0  0.0000    0.00 0.0000 0.0000 .00000  0.0000 0.0000   333
 249  250  1  3 1 0  0.061600  0.185700   0.00000     0     0     0    0 0  0.0000    0.00 0.0000 0.0000 .00000  0.0000 0.0000   334
   3    1  1  1 1 2  0.000000  0.052000   0.00000     0     0     0    1 0  0.9470    0.00 0.9000 1.1000 .00200  0.9000 1.1000   335
   3    2  1  1 1 2  0.000000  0.052000   0.00000     0     0     0    2 0  0.9560    0.00 0.9000 1.1000 .00200  0.9000 1.1000   336
   3    4  1  1 1 2  0.000000  0.005000   0.00000     0     0     0    4 0  0.9710    0.00 0.9000 1.1000 .00200  0.9000 1.1000   337
   7    5  1  1 1 2  0.000000  0.039000   0.00000     0     0     0    5 0  0.9480    0.00 0.9000 1.1000 .00200  0.9000 1.1000   338
   7    6  1  1 1 2  0.000000  0.039000   0.00000     0     0     0    6 0  0.9590    0.00 0.9000 1.1000 .00200  0.9000 1.1000   339
  10   11  1  1 1 2  0.000000  0.089000   0.00000     0     0     0   11 0  1.0460    0.00 0.9000 1.1000 .00200  0.9000 1.1000   340
  12   10  1  1 1 1  0.000000  0.053000   0.00000     0     0     0   10 0  0.9850    0.00 0.9000 1.1000 .00200  0.9000 1.1000   341
  15   17  1  1 1 2  0.019400  0.031100   0.00000     0     0     0   17 0  0.9561    0.00 0.9000 1.1000 .00200  0.9000 1.1000   342
  16   15  1  1 1 2  0.001000  0.038000   0.00000     0     0     0   15 0  0.9710    0.00 0.9000 1.1000 .00200  0.9000 1.1000   343
  21   20  1  1 1 1  0.000000  0.014000   0.00000     0     0     0   20 0  0.9520    0.00 0.9000 1.1000 .00200  0.9000 1.1000   344
  24   23  1  1 1 2  0.000000  0.064000   0.00000     0     0     0   23 0  0.9430    0.00 0.9000 1.1000 .00200  0.9000 1.1000   345
  36   35  1  1 1 2  0.000000  0.047000   0.00000     0     0     0   35 0  1.0100    0.00 0.9000 1.1000 .00200  0.9000 1.1000   346
  45   44  1  1 1 2  0.000000  0.020000   0.00000     0     0     0   44 0  1.0080    0.00 0.9000 1.1000 .00200  0.9000 1.1000   347
  45   46  1  1 1 2  0.000000  0.021000   0.00000     0     0     0   46 0  1.0000    0.00 0.9000 1.1000 .00200  0.9000 1.1000   348
  62   61  1  1 1 2  0.000000  0.059000   0.00000     0     0     0   61 0  0.9750    0.00 0.9000 1.1000 .00200  0.9000 1.1000   349
  63   64  1  1 1 2  0.000000  0.038000   0.00000     0     0     0   64 0  1.0170    0.00 0.9000 1.1000 .00200  0.9000 1.1000   350
  73   74  1  1 1 2  0.000000  0.024400   0.00000     0     0     0   74 0  1.0000    0.00 0.9000 1.1000 .00200  0.9000 1.1000   351
  81   88  1  1 1 2  0.000000  0.020000   0.00000     0     0     0   88 0  1.0000    0.00 0.9000 1.1000 .00200  0.9000 1.1000   352
  85   99  1  1 1 2  0.000000  0.048000   0.00000     0     0     0   99 0  1.0000    0.00 0.9000 1.1000 .00200  0.9000 1.1000   353
  86  102  1  1 1 2  0.000000  0.048000   0.00000     0     0     0  102 0  1.0000    0.00 0.9000 1.1000 .00200  0.9000 1.1000   354
  87   94  1  1 1 2  0.000000  0.046000   0.00000     0     0     0   94 0  1.0150    0.00 0.9000 1.1000 .00200  0.9000 1.1000   355
 114  207  1  1 1 2  0.000000  0.149000   0.00000     0     0     0  207 0  0.9670    0.00 0.9000 1.1000 .00200  0.9000 1.1000   356
 116  124  1  2 1 1  0.005200  0.017400   0.00000     0     0     0  124 0  1.0100    0.00 0.9000 1.1000 .00200  0.9000 1.1000   357
 121  115  1  2 1 2  0.000000  0.028000   0.00000     0     0     0  115 0  1.0500    0.00 0.9000 1.1000 .00200  0.9000 1.1000   358
 122  157  1  2 1 2  0.000500  0.019500   0.00000     0     0     0  157 0  1.0000    0.00 0.9000 1.1000 .00200  0.9000 1.1000   359
 130  131  1  2 1 2  0.000000  0.018000   0.00000     0     0     0  131 0  1.0522    0.00 0.9000 1.1000 .00200  0.9000 1.1000   360
 130  150  1  2 1 2  0.000000  0.014000   0.00000     0     0     0  150 0  1.0522    0.00 0.9000 1.1000 .00200  0.9000 1.1000   361
 132  170  1  2 1 1  0.001000  0.040200   0.00000     0     0     0  170 0  1.0500    0.00 0.9000 1.1000 .00200  0.9000 1.1000   362
 141  174  1  2 1 2  0.002400  0.060300   0.00000     0     0     0  174 0  0.9750    0.00 0.9000 1.1000 .00200  0.9000 1.1000   363
 142  175  1  2 1 2  0.002400  0.049800  -0.08700     0     0     0  175 0  1.0000    0.00 0.9000 1.1000 .00200  0.9000 1.1000   364
 143  144  1  2 1 2  0.000000  0.083300   0.00000     0     0     0  144 0  1.0350    0.00 0.9000 1.1000 .00200  0.9000 1.1000   365
 143  148  1  2 1 2  0.001300  0.037100   0.00000     0     0     0  148 0  0.9565    0.00 0.9000 1.1000 .00200  0.9000 1.1000   366
 145  180  1  2 1 2  0.000500  0.018200   0.00000     0     0     0  180 0  1.0000    0.00 0.9000 1.1000 .00200  0.9000 1.1000   367
 151  170  1  2 1 1  0.001000  0.039200   0.00000     0     0     0  170 0  1.0500    0.00 0.9000 1.1000 .00200  0.9000 1.1000   368
 153  183  1  2 1 2  0.002700  0.063900   0.00000     0     0     0  183 0  1.0730    0.00 0.9000 1.1000 .00200  0.9000 1.1000   369
 155  156  1  2 1 1  0.000800  0.025600   0.00000     0     0     0  156 0  1.0500    0.00 0.9000 1.1000 .00200  0.9000 1.1000   370
 159  117  1  2 1 2  0.000000  0.016000   0.00000     0     0     0  117 0  1.0506    0.00 0.9000 1.1000 .00200  0.9000 1.1000   371
 160  124  1  2 1 1  0.001200  0.039600   0.00000     0     0     0  124 0  0.9750    0.00 0.9000 1.1000 .00200  0.9000 1.1000   372
 163  137  1  2 1 2  0.001300  0.038400  -0.05700     0     0     0  137 0  0.9800    0.00 0.9000 1.1000 .00200  0.9000 1.1000   373
 164  155  1  2 1 2  0.000900  0.023100  -0.03300     0     0     0  155 0  0.9560    0.00 0.9000 1.1000 .00200  0.9000 1.1000   374
 182  139  1  2 1 2  0.000300  0.013100   0.00000     0     0     0  139 0  1.0500    0.00 0.9000 1.1000 .00200  0.9000 1.1000   375
 189  210  1  3 1 2  0.000000  0.252000   0.00000     0     0     0  210 0  1.0300    0.00 0.9000 1.1000 .00200  0.9000 1.1000   376
 193  196  1  3 1 2  0.000000  0.237000   0.00000     0     0     0  196 0  1.0300    0.00 0.9000 1.1000 .00200  0.9000 1.1000   377
 195  212  1  3 1 2  0.000800  0.036600   0.00000     0     0     0  212 0  0.9850    0.00 0.9000 1.1000 .00200  0.9000 1.1000   378
 200  248  1  3 1 2  0.000000  0.220000   0.00000     0     0     0  248 0  1.0000    0.00 0.9000 1.1000 .00200  0.9000 1.1000   379
 201   69  1  1 2 2  0.000000  0.098000   0.00000     0     0     0   69 0  1.0300    0.00 0.9000 1.1000 .00200  0.9000 1.1000   380
 202  211  1  3 1 2  0.000000  0.128000   0.00000     0     0     0  211 0  1.0100    0.00 0.9000 1.1000 .00200  0.9000 1.1000   381
 204 2040  1  3 1 2  0.020000  0.204000  -0.01200     0     0     0  196 0  1.0500    0.00 0.9000 1.1000 .00200  0.9000 1.1000   382
 209  198  1  3 1 1  0.026000  0.211000   0.00000     0     0     0  198 0  1.0300    0.00 0.9000 1.1000 .00200  0.9000 1.1000   383
 211  212  1  3 1 2  0.003000  0.012200   0.00000     0     0     0  212 0  1.0000    0.00 0.9000 1.1000 .00200  0.9000 1.1000   384
 218  219  1  3 1 2  0.001000  0.035400  -0.01000     0     0     0  219 0  0.9700    0.00 0.9000 1.1000 .00200  0.9000 1.1000   385
 223  224  1  3 1 2  0.001200  0.019500  -0.36400     0     0     0  224 0  1.0000    0.00 0.9000 1.1000 .00200  0.9000 1.1000   386
 229  230  1  3 1 1  0.001000  0.033200   0.00000     0     0     0  230 0  1.0200    0.00 0.9000 1.1000 .00200  0.9000 1.1000   387
 234  236  1  3 1 1  0.000500  0.016000   0.00000     0     0     0  236 0  1.0700    0.00 0.9000 1.1000 .00200  0.9000 1.1000   388
 238  239  1  3 1 1  0.000500  0.016000   0.00000     0     0     0  239 0  1.0200    0.00 0.9000 1.1000 .00200  0.9000 1.1000   389
 196 2040  1  3 1 4  0.000100  0.020000   0.00000     0     0     0    0 0  1.0000  -11.40 -15.00   0.00   0.30    80.0   85.0   390
 119 1190  1  2 1 2  0.001000  0.023000   0.00000     0     0     0 1190 0  1.0223    0.00 0.8435 1.1565 .00313  1.0107 1.0145   391
 120 1200  1  2 1 2  0.000000  0.023000   0.00000     0     0     0 1200 0  0.9284    0.00 0.8435 1.1565 .00313  1.0225 1.0263   392
7002    2  1  1 1 1  0.001000  0.014600   0.00000     0     0     0    0 0  1.0000    0.00 0.0000 0.0000 .00000  0.0000 0.0000   393
7003    3  1  1 1 1  0.000000  0.010540   0.00000     0     0     0    0 0  1.0000    0.00 0.0000 0.0000 .00000  0.0000 0.0000   394
7061   61  1  1 1 1  0.000000  0.023800   0.00000     0     0     0    0 0  1.0000    0.00 0.0000 0.0000 .00000  0.0000 0.0000   395
7062   62  1  1 1 1  0.000000  0.032140   0.00000     0     0     0    0 0  0.9500    0.00 0.0000 0.0000 .00000  0.0000 0.0000   396
7166  166  1  2 1 1  0.000000  0.015400   0.00000     0     0     0    0 0  1.0000    0.00 0.0000 0.0000 .00000  0.0000 0.0000   397
7024   24  1  1 1 1  0.000000  0.028900   0.00000     0     0     0    0 0  1.0000    0.00 0.0000 0.0000 .00000  0.0000 0.0000   398
7001    1  1  1 1 1  0.000000  0.019530   0.00000     0     0     0    0 0  1.0000    0.00 0.0000 0.0000 .00000  0.0000 0.0000   399
7130  130  1  2 1 1  0.000000  0.019300   0.00000     0     0     0    0 0  1.0000    0.00 0.0000 0.0000 .00000  0.0000 0.0000   400
7011   11  1  1 1 1  0.000000  0.019230   0.00000     0     0     0    0 0  1.0000    0.00 0.0000 0.0000 .00000  0.0000 0.0000   401
7023   23  1  1 1 1  0.000000  0.023000   0.00000     0     0     0    0 0  1.0000    0.00 0.0000 0.0000 .00000  0.0000 0.0000   402
7049   49  1  1 1 1  0.000000  0.012400   0.00000     0     0     0    0 0  1.0000    0.00 0.0000 0.0000 .00000  0.0000 0.0000   403
7139  139  1  2 1 1  0.000000  0.016700   0.00000     0     0     0    0 0  1.0000    0.00 0.0000 0.0000 .00000  0.0000 0.0000   404
7012   12  1  1 1 1  0.000000  0.031200   0.00000     0     0     0    0 0  1.0000    0.00 0.0000 0.0000 .00000  0.0000 0.0000   405
7017   17  1  1 1 1  0.000000  0.016540   0.00000     0     0     0    0 0  0.9420    0.00 0.0000 0.0000 .00000  0.0000 0.0000   406
7039   39  1  1 1 1  0.000000  0.031590   0.00000     0     0     0    0 0  0.9650    0.00 0.0000 0.0000 .00000  0.0000 0.0000   407
7057   57  1  1 1 1  0.000000  0.053470   0.00000     0     0     0    0 0  0.9500    0.00 0.0000 0.0000 .00000  0.0000 0.0000   408
7044   44  1  1 1 1  0.000000  0.181810   0.00000     0     0     0    0 0  0.9420    0.00 0.0000 0.0000 .00000  0.0000 0.0000   409
7055   55  1  1 1 1  0.000000  0.196070   0.00000     0     0     0    0 0  0.9420    0.00 0.0000 0.0000 .00000  0.0000 0.0000   410
7071   71  1  1 1 1  0.000000  0.068960   0.00000     0     0     0    0 0  0.9565    0.00 0.0000 0.0000 .00000  0.0000 0.0000   411