   1  1            1  1  0 1.0284   5.95    90.00    49.00     0.00    0.00  115.00 0.0000    0.00    0.00  0.0000  0.0000    0    1
   2  1            1  1  0 1.0354   7.74    56.00    15.00     0.00    0.00  115.00 0.0000    0.00    0.00  0.0000  0.0000    0    2
   3  1            1  1  0 0.9971   6.64    20.00     0.00     0.00    0.00  230.00 0.0000    0.00    0.00  0.0000  0.0000    0    3
   4  1            1  1  0 1.0308   4.71     0.00     0.00     0.00    0.00  345.00 0.0000    0.00    0.00  0.0000  0.0000    0    4
   5  1            1  1  0 1.0191   4.68   353.00   130.00     0.00    0.00  115.00 0.0000    0.00    0.00  0.0000  0.0000    0    5
   6  1            1  1  0 1.0312   6.99   120.00    41.00     0.00    0.00  115.00 0.0000    0.00    0.00  0.0000  0.0000    0    6
   7  1            1  1  0 0.9934   6.19     0.00     0.00     0.00    0.00  230.00 0.0000    0.00    0.00  0.0000  0.0000    0    7
   8  1            1  1  2 1.0153   2.40    58.00    14.00    -5.00    0.00  115.00 1.0153   10.00  -10.00  0.0000  0.0000    8    8
   9  1            1  1  0 1.0034   2.85    96.00    43.00     0.00    0.00  115.00 0.0000    0.00    0.00  0.0000  0.0000    0    9
  10  1            1  1  2 1.0205   1.35   148.00    33.00    -5.00    0.00  230.00 1.0205   20.00  -20.00  0.0000  0.0000   10   10
  11  1            1  1  0 1.0057   2.46    83.00    21.00     0.00    0.00  115.00 0.0000    0.00    0.00  0.0000  0.0000    0   11
  12  1            1  1  0 0.9974   5.21     0.00     0.00     0.00    0.00  230.00 0.0000    0.00    0.00  0.0000  0.0000    0   12
  13  1            1  1  0 0.9977  -0.55    58.00    10.00     0.00    0.00  115.00 0.0000    0.00    0.00  0.0000  0.0000    0   13
  14  1            1  1  0 0.9991  -4.81   160.00    60.00     0.00    0.00  115.00 0.0000    0.00    0.00  0.0000  0.0000    0   14
  15  1            1  1  0 1.0343  -8.59   126.70    23.00     0.00    0.00  115.00 0.0000    0.00    0.00  0.0000  0.0000    0   15
  16  1            1  1  0 1.0315  -2.65     0.00     0.00     0.00    0.00  345.00 0.0000    0.00    0.00  0.0000  0.0000    0   16
  17  1            1  1  0 1.0649 -13.10   561.00   220.00     0.00    0.00  115.00 0.0000    0.00    0.00  0.0000  0.0000    0   17
  19  1            1  1  0 0.9820   1.08     0.00     0.00     0.00    0.00  230.00 0.0000    0.00    0.00  0.0000  0.0000    0   18
  20  1            1  1  2 1.0010  -2.46   595.00   120.00   -10.00    0.00  115.00 1.0010   20.00  -20.00  0.0000  0.0000   20   19
  21  1            1  1  0 0.9752   1.62    77.00     1.00     0.00    0.00  230.00 0.0000    0.00    0.00  0.0000  0.0000    0   20
  22  1            1  1  0 0.9963  -1.97    81.00    23.00     0.00    0.00  115.00 0.0000    0.00    0.00  0.0000  0.0000    0   21
  23  1            1  1  0 1.0501   3.94    21.00     7.00     0.00    0.00  115.00 0.0000    0.00    0.00  0.0000  0.0000    0   22
  24  1            1  1  0 1.0057   6.02     0.00     0.00     0.00    0.00  230.00 0.0000    0.00    0.00  0.0000  0.0000    0   23
  25  1            1  1  0 1.0234   1.44    45.00    12.00     0.00    0.00  115.00 0.0000    0.00    0.00  0.0000  0.0000    0   24
  26  1            1  1  0 0.9986  -1.73    28.00     9.00     0.00    0.00  115.00 0.0000    0.00    0.00  0.0000  0.0000    0   25
  27  1            1  1  0 0.9750  -4.90    69.00    13.00     0.00    0.00  115.00 0.0000    0.00    0.00  0.0000  0.0000    0   26
  33  1            1  1  0 1.0244 -12.02    55.00     6.00     0.00    0.00  115.00 0.0000    0.00    0.00  0.0000  0.0000    0   27
  34  1            1  1  0 1.0414  -7.94     0.00     0.00     0.00    0.00  345.00 0.0000    0.00    0.00  0.0000  0.0000    0   28
  35  1            1  1  0 0.9757 -25.72     0.00     0.00     0.00    0.00  115.00 0.0000    0.00    0.00  0.0000  0.0000    0   29
  36  1            1  1  0 1.0011 -22.59     0.00     0.00     0.00    0.00  230.00 0.0000    0.00    0.00  0.0000  0.0000    0   30
  37  1            1  1  0 1.0201 -11.23    85.00    32.00     0.00    0.00  115.00 0.0000    0.00    0.00  0.0000  0.0000    0   31
  38  1            1  1  0 1.0202 -12.56   155.00    18.00     0.00    0.00  115.00 0.0000    0.00    0.00  0.0000  0.0000    0   32
  39  1            1  1  0 1.0535  -5.81     0.00     0.00     0.00    0.00  345.00 0.0000    0.00    0.00  0.0000  0.0000    0   33
  40  1            1  1  0 1.0216 -12.78    46.00   -21.00     0.00    0.00  115.00 0.0000    0.00    0.00  0.0000  0.0000    0   34
  41  1            1  1  0 1.0292 -10.45    86.00     0.00     0.00    0.00  115.00 0.0000    0.00    0.00  0.0000  0.0000    0   35
  42  1            1  1  0 1.0448  -7.44     0.00     0.00     0.00    0.00  345.00 0.0000    0.00    0.00  0.0000  0.0000    0   36
  43  1            1  1  0 1.0006 -16.79    39.00     9.00     0.00    0.00  115.00 0.0000    0.00    0.00  0.0000  0.0000    0   37
  44  1            1  1  0 1.0086 -17.47   195.00    29.00     0.00    0.00  115.00 0.0000    0.00    0.00  0.0000  0.0000    0   38
  45  1            1  1  0 1.0215 -14.74     0.00     0.00     0.00    0.00  230.00 0.0000    0.00    0.00  0.0000  0.0000    0   39
  46  1            1  1  0 1.0344 -11.75     0.00     0.00     0.00    0.00  345.00 0.0000    0.00    0.00  0.0000  0.0000    0   40
  47  1            1  1  0 0.9777 -23.17    58.00    11.80     0.00    0.00  115.00 0.0000    0.00    0.00  0.0000  0.0000    0   41
  48  1            1  1  0 1.0019 -16.09    41.00    19.00     0.00    0.00  115.00 0.0000    0.00    0.00  0.0000  0.0000    0   42
  49  1            1  1  0 1.0475  -2.95    92.00    26.00     0.00    0.00  115.00 0.0000    0.00    0.00  0.0000  0.0000    0   43
  51  1            1  1  0 1.0253  -8.15    -5.00     5.00     0.00    0.00  115.00 0.0000    0.00    0.00  0.0000  0.0000    0   44
  52  1            1  1  0 0.9979 -11.86    61.00    28.00     0.00    0.00  115.00 0.0000    0.00    0.00  0.0000  0.0000    0   45
  53  1            1  1  0 0.9959 -17.60    69.00     3.00     0.00    0.00  115.00 0.0000    0.00    0.00  0.0000  0.0000    0   46
  54  1            1  1  0 1.0050 -16.25    10.00     1.00     0.00    0.00  115.00 0.0000    0.00    0.00  0.0000  0.0000    0   47
  55  1            1  1  0 1.0150 -12.21    22.00    10.00     0.00    0.00  115.00 0.0000    0.00    0.00  0.0000  0.0000    0   48
  57  1            1  1  0 1.0335  -8.00    98.00    20.00     0.00    0.00  115.00 0.0000    0.00    0.00  0.0000  0.0000    0   49
  58  1            1  1  0 0.9918  -5.99    14.00     1.00     0.00    0.00  115.00 0.0000    0.00    0.00  0.0000  0.0000    0   50
  59  1            1  1  0 0.9789  -5.29   218.00   106.00     0.00    0.00  115.00 0.0000    0.00    0.00  0.0000  0.0000    0   51
  60  1            1  1  0 1.0246  -9.56     0.00     0.00     0.00    0.00  230.00 0.0000    0.00    0.00  0.0000  0.0000    0   52
  61  1            1  1  0 0.9906  -3.47   227.00   110.00     0.00    0.00  115.00 0.0000    0.00    0.00  0.0000  0.0000    0   53
  62  1            1  1  0 1.0160  -1.10     0.00     0.00     0.00    0.00  230.00 0.0000    0.00    0.00  0.0000  0.0000    0   54
  63  1            1  1  2 0.9583 -17.62    70.00    30.00     0.00    0.00  115.00 0.9583   25.00  -25.00  0.0000  0.0000   63   55
  64  1            1  1  0 0.9480 -12.97     0.00     0.00     0.00    0.00  230.00 0.0000    0.00    0.00  0.0000  0.0000    0   56
  69  1            1  1  0 0.9630 -25.66     0.00     0.00     0.00    0.00  115.00 0.0000    0.00    0.00  0.0000  0.0000    0   57
  70  1            1  1  0 0.9513 -35.16    56.00    20.00     0.00    0.00  115.00 0.0000    0.00    0.00  0.0000  0.0000    0   58
  71  1            1  1  0 0.9793 -29.88   116.00    38.00     0.00    0.00  115.00 0.0000    0.00    0.00  0.0000  0.0000    0   59
  72  1            1  1  0 0.9696 -27.48    57.00    19.00     0.00    0.00  115.00 0.0000    0.00    0.00  0.0000  0.0000    0   60
  73  1            1  1  0 0.9775 -25.77   224.00    71.00     0.00    0.00  115.00 0.0000    0.00    0.00  0.0000  0.0000    0   61
  74  1            1  1  0 0.9964 -22.00     0.00     0.00     0.00    0.00  230.00 0.0000    0.00    0.00  0.0000  0.0000    0   62
  76  1            1  1  2 0.9632 -26.54   208.00   107.00     0.00    0.00  115.00 0.9632   35.00   12.00  0.0000  0.0000   76   63
  77  1            1  1  0 0.9837 -24.94    74.00    28.00     0.00    0.00  115.00 0.0000    0.00    0.00  0.0000  0.0000    0   64
  78  1            1  1  0 0.9900 -24.05     0.00     0.00     0.00    0.00  115.00 0.0000    0.00    0.00  0.0000  0.0000    0   65
  79  1            1  1  0 0.9820 -24.97    48.00    14.00     0.00    0.00  115.00 0.0000    0.00    0.00  0.0000  0.0000    0   66
  80  1            1  1  0 0.9872 -24.97    28.00     7.00     0.00    0.00  115.00 0.0000    0.00    0.00  0.0000  0.0000    0   67
  81  1            1  1  0 1.0340 -18.89     0.00     0.00     0.00    0.00  345.00 0.0000    0.00    0.00  0.0000  0.0000    0   68
  84  1            1  1  2 1.0250 -17.16    37.00    13.00   375.00    0.00  115.00 1.0250  240.00 -240.00  0.0000  0.0000   84   69
  85  1            1  1  0 0.9872 -17.68     0.00     0.00     0.00    0.00  230.00 0.0000    0.00    0.00  0.0000  0.0000    0   70
  86  1            1  1  0 0.9909 -14.19     0.00     0.00     0.00    0.00  230.00 0.0000    0.00    0.00  0.0000  0.0000    0   71
  87  1            1  1  0 0.9921  -7.77     0.00     0.00     0.00    0.00  230.00 0.0000    0.00    0.00  0.0000  0.0000    0   72
  88  1            1  1  0 1.0151 -20.96     0.00     0.00     0.00    0.00  230.00 0.0000    0.00    0.00  0.0000  0.0000    0   73
  89  1            1  1  0 1.0317 -11.13    44.20     0.00     0.00    0.00  115.00 0.0000    0.00    0.00  0.0000  0.0000    0   74
  90  1            1  1  0 1.0272 -11.23    66.00     0.00     0.00    0.00  115.00 0.0000    0.00    0.00  0.0000  0.0000    0   75
  91  1            1  1  2 1.0520  -9.40    17.40     0.00   155.00    0.00  115.00 1.0520   96.00  -11.00  0.0000  0.0000   91   76
  92  1            1  1  2 1.0520  -6.20    15.80     0.00   290.00    0.00  115.00 1.0520  153.00 -153.00  0.0000  0.0000   92   77
  94  1            1  1  0 0.9930  -9.42    60.30     0.00     0.00    0.00  115.00 0.0000    0.00    0.00  0.0000  0.0000    0   78
  97  1            1  1  0 1.0183 -13.24    39.90     0.00     0.00    0.00  115.00 0.0000    0.00    0.00  0.0000  0.0000    0   79
  98  1            1  1  2 1.0000 -14.60    66.70     0.00    68.00    0.00  115.00 1.0000   56.00  -30.00  0.0000  0.0000   98   80
  99  1            1  1  0 0.9894 -20.27    83.50     0.00     0.00    0.00  115.00 0.0000    0.00    0.00  0.0000  0.0000    0   81
 100  1            1  1  0 1.0060 -14.45     0.00     0.00     0.00    0.00  115.00 0.0000    0.00    0.00  0.0000  0.0000    0   82
 102  1            1  1  0 1.0008 -15.23    77.80     0.00     0.00    0.00  115.00 0.0000    0.00    0.00  0.0000  0.0000    0   83
 103  1            1  1  0 1.0288 -12.06    32.00     0.00     0.00    0.00  115.00 0.0000    0.00    0.00  0.0000  0.0000    0   84
 104  1            1  1  0 0.9958 -17.33     8.60     0.00     0.00    0.00  115.00 0.0000    0.00    0.00  0.0000  0.0000    0   85
 105  1            1  1  0 1.0223 -12.94    49.60     0.00     0.00    0.00  115.00 0.0000    0.00    0.00  0.0000  0.0000    0   86
 107  1            1  1  0 1.0095 -16.03     4.60     0.00     0.00    0.00  115.00 0.0000    0.00    0.00  0.0000  0.0000    0   87
 108  1            1  1  2 0.9900 -20.26   112.10     0.00   117.00    0.00  115.00 0.9900   77.00  -24.00  0.0000  0.0000  108   88
 109  1            1  1  0 0.9749 -26.06    30.70     0.00     0.00    0.00  115.00 0.0000    0.00    0.00  0.0000  0.0000    0   89
 110  1            1  1  0 0.9730 -24.72    63.00     0.00     0.00    0.00  115.00 0.0000    0.00    0.00  0.0000  0.0000    0   90
 112  1            1  1  0 0.9725 -28.69    19.60     0.00     0.00    0.00  115.00 0.0000    0.00    0.00  0.0000  0.0000    0   91
 113  1            1  1  0 0.9700 -25.38    26.20     0.00     0.00    0.00  115.00 0.0000    0.00    0.00  0.0000  0.0000    0   92
 114  1            1  1  0 0.9747 -28.59    18.20     0.00     0.00    0.00  115.00 0.0000    0.00    0.00  0.0000  0.0000    0   93
 115  2            1  2  0 0.9603 -13.57     0.00     0.00     0.00    0.00  115.00 0.0000    0.00    0.00  0.0000  0.0000    0   94
 116  2            1  2  0 1.0249 -12.69     0.00     0.00     0.00    0.00  115.00 0.0000    0.00    0.00  0.0000  0.0000    0   95
 117  2            1  2  0 0.9348  -4.72     0.00     0.00     0.00    0.00  115.00 0.0000    0.00    0.00  0.0000  3.2500    0   96
 118  2            1  2  0 0.9298  -4.12    14.10   650.00     0.00    0.00  115.00 0.0000    0.00    0.00  0.0000  0.0000    0   97
 119  2            1  2  2 1.0435   5.17     0.00     0.00  1930.00    0.00  115.00 1.0435 1500.00 -500.00  0.0000  0.0000  119   98
 120  2            1  2  0 0.9584  -8.77   777.00   215.00     0.00    0.00  115.00 0.0000    0.00    0.00  0.0000  0.5500    0   99
 121  2            1  2  0 0.9871 -12.64   535.00    55.00     0.00    0.00  115.00 0.0000    0.00    0.00  0.0000  0.0000    0  100
 122  2            1  2  0 0.9728 -14.36   229.10    11.80     0.00    0.00  115.00 0.0000    0.00    0.00  0.0000  0.0000    0  101
 123  2            1  2  0 1.0006 -17.64    78.00     1.40     0.00    0.00  115.00 0.0000    0.00    0.00  0.0000  0.0000    0  102
 124  2            1  2  2 1.0233 -13.49   276.40    59.30   240.00    0.00  115.00 1.0233  120.00  -60.00  0.0000  0.0000  124  103
 125  2            1  2  2 1.0103 -18.43   514.80    82.70     0.00    0.00  115.00 1.0103  200.00  -25.00  0.0000  0.0000  125  104
 126  2            1  2  0 0.9978 -12.86    57.90     5.10     0.00    0.00  115.00 0.0000    0.00    0.00  0.0000  0.0000    0  105
 127  2            1  2  0 1.0001 -10.52   380.80    37.00     0.00    0.00  230.00 0.0000    0.00    0.00  0.0000  0.0000    0  106
 128  2            1  2  0 1.0024  -4.78     0.00     0.00     0.00    0.00  230.00 0.0000    0.00    0.00  0.0000  0.0000    0  107
 129  2            1  2  0 1.0028  -4.40     0.00     0.00     0.00    0.00  230.00 0.0000    0.00    0.00  0.0000  0.0000    0  108
 130  2            1  2  0 1.0191   5.56     0.00     0.00     0.00    0.00  230.00 0.0000    0.00    0.00  0.0000  0.0000    0  109
 131  2            1  2  0 0.9861   6.06     0.00     0.00     0.00    0.00  230.00 0.0000    0.00    0.00  0.0000  0.0000    0  110
 132  2            1  2  0 1.0045   3.04     0.00     0.00     0.00    0.00  230.00 0.0000    0.00    0.00  0.0000  0.0000    0  111
 133  2            1  2  0 1.0020  -5.46     0.00     0.00     0.00    0.00  230.00 0.0000    0.00    0.00  0.0000  0.0000    0  112
 134  2            1  2  0 1.0220  -8.04     0.00     0.00     0.00    0.00  230.00 0.0000    0.00    0.00  0.0000  0.0000    0  113
 135  2            1  2  0 1.0193  -6.76   169.20    41.60     0.00    0.00  230.00 0.0000    0.00    0.00  0.0000  0.0000    0  114
 136  2            1  2  0 1.0476   1.54    55.20    18.20     0.00    0.00  230.00 0.0000    0.00    0.00  0.0000  0.0000    0  115
 137  2            1  2  0 1.0471  -1.45   273.60    99.80     0.00    0.00  230.00 0.0000    0.00    0.00  0.0000  0.0000    0  116
 138  2            1  2  2 1.0550  -6.35   826.70   135.20  -192.50    0.00  230.00 1.0550  350.00 -125.00  0.0000  0.0000  138  117
 139  2            1  2  0 1.0117  -3.57   595.00    83.30     0.00    0.00  115.00 0.0000    0.00    0.00  0.0000  0.0000    0  118
 140  2            1  2  0 1.0430  -3.44   387.70   114.70     0.00    0.00  230.00 0.0000    0.00    0.00  0.0000  0.0000    0  119
 141  2            1  2  2 1.0510   0.05   145.00    58.00   281.00    0.00  230.00 1.0510   75.00  -50.00  0.0000  0.0000  141  120
 142  2            1  2  0 1.0155  -2.77    56.50    24.50     0.00    0.00  230.00 0.0000    0.00    0.00  0.0000  0.0000    0  121
 143  2            1  2  2 1.0435   4.03    89.50    35.50   696.00    0.00  230.00 1.0435  300.00 -100.00  0.0000  0.0000  143  122
 144  2            1  2  0 1.0160  -0.70     0.00     0.00     0.00    0.00  230.00 0.0000    0.00    0.00  0.0000  0.0000    0  123
 145  2            1  2  0 1.0081  -0.16    24.00    14.00     0.00    0.00  230.00 0.0000    0.00    0.00  0.0000  0.0000    0  124
 146  2            1  2  2 1.0528   4.32     0.00     0.00    84.00    0.00  230.00 1.0528   35.00  -15.00  0.0000  0.0000  146  125
 147  2            1  2  2 1.0528   8.36     0.00     0.00   217.00    0.00  230.00 1.0528  100.00  -50.00  0.0000  0.0000  147  126
 148  2            1  2  0 1.0577   0.28    63.00    25.00     0.00    0.00  230.00 0.0000    0.00    0.00  0.0000  0.0000    0  127
 149  2            1  2  2 1.0735   5.23     0.00     0.00   103.00    0.00  230.00 1.0735   50.00  -25.00  0.0000  0.0000  149  128
 150  2            1  2  0 0.9869   6.34     0.00     0.00     0.00    0.00  230.00 0.0000    0.00    0.00  0.0000  0.0000    0  129
 151  2            1  2  0 1.0048   4.13     0.00     0.00     0.00    0.00  230.00 0.0000    0.00    0.00  0.0000  0.0000    0  130
 152  2            1  2  2 1.0535   9.24    17.00     9.00   372.00    0.00  230.00 1.0535  175.00  -50.00  0.0000  0.0000  152  131
 153  2            1  2  2 1.0435  10.46     0.00     0.00   216.00    0.00  230.00 1.0435   90.00  -50.00  0.0000  0.0000  153  132
 154  2            1  2  0 0.9663  -1.80    70.00     5.00     0.00    0.00  115.00 0.0000    0.00    0.00  0.0000  0.3450    0  133
 155  2            1  2  0 1.0177   6.75   200.00    50.00     0.00    0.00  230.00 0.0000    0.00    0.00  0.0000  0.0000    0  134
 156  2            1  2  2 0.9630   5.15    75.00    50.00     0.00    0.00  115.00 0.9630   15.00  -10.00  0.0000  0.0000  156  135
 157  2            1  2  0 0.9845 -11.93   123.50   -24.30     0.00    0.00  230.00 0.0000    0.00    0.00  0.0000  0.0000    0  136
 158  2            1  2  0 0.9987 -11.40     0.00     0.00     0.00    0.00  230.00 0.0000    0.00    0.00  0.0000  0.0000    0  137
 159  2            1  2  0 0.9867  -9.82    33.00    16.50     0.00    0.00  230.00 0.0000    0.00    0.00  0.0000  0.0000    0  138
 160  2            1  2  0 0.9998 -12.55     0.00     0.00     0.00    0.00  230.00 0.0000    0.00    0.00  0.0000  0.0000    0  139
 161  2            1  2  0 1.0360   8.85    35.00    15.00     0.00    0.00  230.00 0.0000    0.00    0.00  0.0000  0.0000    0  140
 162  2            1  2  0 0.9918  18.50    85.00    24.00     0.00    0.00  230.00 0.0000    0.00    0.00  0.0000  0.0000    0  141
 163  2            1  2  0 1.0410   2.91     0.00     0.40     0.00    0.00  230.00 0.0000    0.00    0.00  0.0000  0.0000    0  142
 164  2            1  2  0 0.9839   9.66     0.00     0.00     0.00    0.00  230.00 0.0000    0.00    0.00  0.0000 -2.1200    0  143
 165  2            1  2  0 1.0002  26.31     0.00     0.00     0.00    0.00  230.00 0.0000    0.00    0.00  0.0000  0.0000    0  144
 166  2            1  2  0 0.9973  30.22     0.00     0.00     0.00    0.00  230.00 0.0000    0.00    0.00  0.0000 -1.0300    0  145
 167  2            1  2  0 0.9715  -6.91   299.90    95.70     0.00    0.00  230.00 0.0000    0.00    0.00  0.0000  0.0000    0  146
 168  2            1  2  0 1.0024  -4.80     0.00     0.00     0.00    0.00  230.00 0.0000    0.00    0.00  0.0000  0.0000    0  147
 169  2            1  2  0 0.9879  -6.68     0.00     0.00     0.00    0.00  230.00 0.0000    0.00    0.00  0.0000  0.0000    0  148
 170  2            1  2  2 0.9290   0.09   481.80   205.00   205.00    0.00  115.00 0.9290   90.00  -40.00  0.0000  0.0000  170  149
 171  2            1  2  2 0.9829  -9.94   763.60   291.10     0.00    0.00  115.00 0.9829  150.00  -50.00  0.0000  0.0000  171  150
 172  2            1  2  0 1.0244  -6.22    26.50     0.00     0.00    0.00  115.00 0.0000    0.00    0.00  0.0000  0.0000    0  151
 173  2            1  2  0 0.9837 -12.75   163.50    43.00     0.00    0.00  115.00 0.0000    0.00    0.00  0.0000  0.5300    0  152
 174  2            1  2  0 1.0622  -2.69     0.00     0.00     0.00    0.00  115.00 0.0000    0.00    0.00  0.0000  0.0000    0  153
 175  2            1  2  0 0.9730  -7.21   176.00    83.00     0.00    0.00  115.00 0.0000    0.00    0.00  0.0000  0.0000    0  154
 176  2            1  2  2 1.0522   4.67     5.00     4.00   228.00    0.00  115.00 1.0522   90.00  -45.00  0.0000  0.0000  176  155
 177  2            1  2  2 1.0077   0.62    28.00    12.00    84.00    0.00  115.00 1.0077   35.00  -15.00  0.0000  0.0000  177  156
 178  2            1  2  0 0.9397  -6.56   427.40   173.60     0.00    0.00  115.00 0.0000    0.00    0.00  0.0000  0.0000    0  157
 179  2            1  2  0 0.9699  -9.37    74.00    29.00     0.00    0.00  115.00 0.0000    0.00    0.00  0.0000  0.4500    0  158
 180  2            1  2  0 0.9793  -3.09    69.50    49.30     0.00    0.00  115.00 0.0000    0.00    0.00  0.0000  0.0000    0  159
 181  2            1  2  0 1.0518  -1.33    73.40     0.00     0.00    0.00  230.00 0.0000    0.00    0.00  0.0000  0.0000    0  160
 182  2            1  2  0 1.0447  -4.19   240.70    89.00     0.00    0.00  230.00 0.0000    0.00    0.00  0.0000  0.0000    0  161
 183  2            1  2  0 0.9717   7.12    40.00     4.00     0.00    0.00  115.00 0.0000    0.00    0.00  0.0000  0.0000    0  162
 184  2            1  2  0 1.0386  -6.85   136.80    16.60     0.00    0.00  230.00 0.0000    0.00    0.00  0.0000  0.0000    0  163
 185  2            1  2  2 1.0522  -4.33     0.00     0.00   200.00    0.00  230.00 1.0522   80.00  -50.00  0.0000  0.0000  185  164
 186  2            1  2  2 1.0650   2.17    59.80    24.30  1200.00    0.00  230.00 1.0650  400.00 -100.00  0.0000  0.0000  186  165
 187  2            1  2  2 1.0650   1.40    59.80    24.30  1200.00    0.00  230.00 1.0650  400.00 -100.00  0.0000  0.0000  187  166
 188  2            1  2  0 1.0533  -0.72   182.60    43.60     0.00    0.00  230.00 0.0000    0.00    0.00  0.0000  0.0000    0  167
 189  3            1  3  0 0.9975 -25.84     7.00     2.00     0.00    0.00   66.00 0.0000    0.00    0.00  0.0000  0.0000    0  168
 190  3            1  3  2 1.0551 -20.62     0.00     0.00   475.00    0.00  345.00 1.0551  300.00 -300.00  0.0000 -1.5000  190  169
 191  3            1  3  2 1.0435  12.25   489.00    53.00  1973.00    0.00  230.00 1.0435 1000.00-1000.00  0.0000  0.0000  191  170
 192  3            1  3  0 0.9374 -11.18   800.00    72.00     0.00    0.00  230.00 0.0000    0.00    0.00  0.0000  0.0000    0  171
 193  3            1  3  0 0.9897 -26.09     0.00     0.00     0.00    0.00   66.00 0.0000    0.00    0.00  0.0000  0.0000    0  172
 194  3            1  3  0 1.0489 -19.21     0.00     0.00     0.00    0.00  345.00 0.0000    0.00    0.00  0.0000  0.0000    0  173
 195  3            1  3  0 1.0357 -20.79     0.00     0.00     0.00    0.00  345.00 0.0000    0.00    0.00  0.0000  0.0000    0  174
 196  3            1  3  0 0.9695 -25.32    10.00     3.00     0.00    0.00  115.00 0.0000    0.00    0.00  0.0000  0.0000    0  175
 197  3            1  3  0 0.9907 -23.72    43.00    14.00     0.00    0.00  115.00 0.0000    0.00    0.00  0.0000  0.0000    0  176
 198  3            1  3  2 1.0150 -20.58    64.00    21.00   424.00    0.00  115.00 1.0150  260.00 -260.00  0.0000  0.0000  198  177
 199  3            1  3  0 0.9528 -26.05    35.00    12.00     0.00    0.00  115.00 0.0000    0.00    0.00  0.0000  0.0000    0  178
 200  3            1  3  0 0.9550 -25.93    27.00    12.00     0.00    0.00  115.00 0.0000    0.00    0.00  0.0000  0.0000    0  179
 201  1            1  1  0 0.9692 -27.49    41.00    14.00     0.00    0.00   66.00 0.0000    0.00    0.00  0.0000  0.0000    0  180
 202  3            1  3  0 0.9908 -25.33    38.00    13.00     0.00    0.00   66.00 0.0000    0.00    0.00  0.0000  0.0000    0  181
 203  3            1  3  0 1.0033 -22.35    42.00    14.00     0.00    0.00  115.00 0.0000    0.00    0.00  0.0000  0.0000    0  182
 204  3            1  3  0 0.9718 -25.70    72.00    24.00     0.00    0.00   66.00 0.0000    0.00    0.00  0.0000  0.0000    0  183
 205  3            1  3  0 0.9838 -26.07     0.00    -5.00     0.00    0.00   66.00 0.0000    0.00    0.00  0.0000  0.0000    0  184
 206  3            1  3  0 0.9992 -27.41    12.00     2.00     0.00    0.00   66.00 0.0000    0.00    0.00  0.0000  0.0000    0  185
 207  1            1  1  0 1.0137 -27.44   -21.00   -14.20     0.00    0.00   66.00 0.0000    0.00    0.00  0.0000  0.0000    0  186
 208  3            1  3  0 0.9929 -26.28     7.00     2.00     0.00    0.00   66.00 0.0000    0.00    0.00  0.0000  0.0000    0  187
 209  3            1  3  0 0.9999 -25.66    38.00    13.00     0.00    0.00   66.00 0.0000    0.00    0.00  0.0000  0.0000    0  188
 210  3            1  3  0 0.9788 -24.22     0.00     0.00     0.00    0.00  115.00 0.0000    0.00    0.00  0.0000  0.0000    0  189
 211  3            1  3  0 1.0017 -23.31    96.00     7.00     0.00    0.00  115.00 0.0000    0.00    0.00  0.0000  0.0000    0  190
 212  3            1  3  0 1.0132 -22.51     0.00     0.00     0.00    0.00  138.00 0.0000    0.00    0.00  0.0000  0.0000    0  191
 213  3            1  3  2 1.0100 -11.67     0.00     0.00   272.00    0.00   16.50 1.0100  150.00 -150.00  0.0000  0.0000  213  192
 214  3            1  3  0 0.9919 -17.53    22.00    16.00     0.00    0.00  138.00 0.0000    0.00    0.00  0.0000  0.0000    0  193
 215  3            1  3  0 0.9866 -20.23    47.00    26.00     0.00    0.00  138.00 0.0000    0.00    0.00  0.0000  0.0000    0  194
 216  3            1  3  0 0.9751 -22.53   176.00   105.00     0.00    0.00  138.00 0.0000    0.00    0.00  0.0000  0.0000    0  195
 217  3            1  3  0 1.0215 -22.20   100.00    75.00     0.00    0.00  138.00 0.0000    0.00    0.00  0.0000  0.0000    0  196
 218  3            1  3  0 1.0075 -22.63   131.00    96.00     0.00    0.00  138.00 0.0000    0.00    0.00  0.0000  0.0000    0  197
 219  3            1  3  0 1.0554 -21.15     0.00     0.00     0.00    0.00  345.00 0.0000    0.00    0.00  0.0000  0.0000    0  198
 220  3            1  3  2 1.0080 -21.73   285.00   100.00   100.00    0.00  138.00 1.0080   60.00  -60.00  0.0000  0.0000  220  199
 221  3            1  3  2 1.0000 -22.49   171.00    70.00   450.00    0.00  138.00 1.0000  320.00 -320.00  0.0000  0.0000  221  200
 222  3            1  3  2 1.0500 -23.17   328.00   188.00   250.00    0.00   20.00 1.0500  300.00 -300.00  0.0000  0.0000  222  201
 223  3            1  3  0 0.9965 -22.70   428.00   232.00     0.00    0.00  138.00 0.0000    0.00    0.00  0.0000  0.0000    0  202
 224  3            1  3  0 1.0002 -21.55   173.00    99.00     0.00    0.00  230.00 0.0000    0.00    0.00  0.0000  0.0000    0  203
 225  3            1  3  0 0.9453 -11.34   410.00    40.00     0.00    0.00  230.00 0.0000    0.00    0.00  0.0000  0.0000    0  204
 226  3            1  3  0 1.0180 -21.61     0.00     0.00     0.00    0.00  230.00 0.0000    0.00    0.00  0.0000  0.0000    0  205
 227  3            1  3  2 1.0000 -27.22   538.00   369.00   303.00    0.00   27.00 1.0000  300.00 -300.00  0.0000  0.0000  227  206
 228  3            1  3  0 1.0423 -20.94   223.00   148.00     0.00    0.00  138.00 0.0000    0.00    0.00  0.0000  0.0000    0  207
 229  3            1  3  0 1.0496 -19.94    96.00    46.00     0.00    0.00  138.00 0.0000    0.00    0.00  0.0000  0.0000    0  208
 230  3            1  3  2 1.0400 -13.82     0.00     0.00   345.00    0.00   20.00 1.0400  250.00 -250.00  0.0000  0.0000  230  209
 231  3            1  3  0 1.0535 -21.22   159.00   107.00     0.00    0.00  345.00 0.0000    0.00    0.00  0.0000 -3.0000    0  210
 232  3            1  3  0 1.0414 -23.19   448.00   143.00     0.00    0.00  138.00 0.0000    0.00    0.00  0.0000  0.0000    0  211
 233  3            1  3  2 1.0000 -25.90   404.00   212.00   300.00    0.00   66.00 1.0000  500.00 -500.00  0.0000  0.0000  233  212
 234  3            1  3  0 1.0387 -20.89   572.00   244.00     0.00    0.00  138.00 0.0000    0.00    0.00  0.0000  0.0000    0  213
 235  3            1  3  0 1.0095 -21.03   269.00   157.00     0.00    0.00  138.00 0.0000    0.00    0.00  0.0000  0.0000    0  214
 236  3            1  3  2 1.0165 -15.40     0.00     0.00   600.00    0.00   20.00 1.0165  300.00 -300.00  0.0000  0.0000  236  215
 237  3            1  3  0 1.0558 -21.10     0.00     0.00     0.00    0.00  345.00 0.0000    0.00    0.00  0.0000  0.0000    0  216
 238  3            1  3  2 1.0100 -20.94   255.00   149.00   250.00    0.00  138.00 1.0100  200.00 -200.00  0.0000 -1.5000  238  217
 239  3            1  3  2 1.0000 -15.86     0.00     0.00   550.00    0.00  138.00 1.0000  400.00 -400.00  0.0000  0.0000  239  218
 240  3            1  3  0 1.0237 -20.14     0.00     0.00     0.00    0.00  230.00 0.0000    0.00    0.00  0.0000 -1.4000    0  219
 241  3            1  3  2 1.0500 -16.50     0.00     0.00   575.43    0.00   20.00 1.0500  600.00 -600.00  0.0000  0.0000  241  220
 242  3            1  3  2 0.9930 -17.53     0.00     0.00   170.00    0.00  138.00 0.9930  100.00   40.00  0.0000  0.0000  242  221
 243  3            1  3  2 1.0100 -19.27     8.00     3.00    84.00    0.00   66.00 1.0100   80.00   40.00  0.0000  0.0000  243  222
 244  3            1  3  0 0.9921 -20.21     0.00     0.00     0.00    0.00   66.00 0.0000    0.00    0.00  0.0000  0.0000    0  223
 245  3            1  3  0 0.9711 -20.90    61.00    30.00     0.00    0.00   66.00 0.0000    0.00    0.00  0.0000  0.0000    0  224
 246  3            1  3  0 0.9651 -21.74    77.00    33.00     0.00    0.00   66.00 0.0000    0.00    0.00  0.0000  0.0000    0  225
 247  3            1  3  0 0.9688 -21.67    61.00    30.00     0.00    0.00   66.00 0.0000    0.00    0.00  0.0000  0.0000    0  226
 248  3            1  3  0 0.9760 -25.23    29.00    14.00     0.00    0.00   66.00 0.0000    0.00    0.00  0.0000  0.4560    0  227
 249  3            1  3  0 0.9752 -25.65    29.00    14.00     0.00    0.00   66.00 0.0000    0.00    0.00  0.0000  0.0000    0  228
 250  3            1  3  0 1.0196 -23.80   -23.00   -17.00     0.00    0.00   66.00 0.0000    0.00    0.00  0.0000  0.0000    0  229
 281  3            1  3  0 1.0251 -20.06   -33.10   -29.40     0.00    0.00  230.00 0.0000    0.00    0.00  0.0000  0.0000    0  230
 319  1            1  1  0 1.0152   1.48   115.80   -24.00     0.00    0.00  230.00 0.0000    0.00    0.00  0.0000  0.0000    0  231
 320  1            1  1  0 1.0146  -2.23     2.40   -12.60     0.00    0.00  115.00 0.0000    0.00    0.00  0.0000  0.0000    0  232
 322  1            1  1  0 1.0005 -17.61     2.40    -3.90     0.00    0.00  115.00 0.0000    0.00    0.00  0.0000  0.0000    0  233
 323  1            1  1  0 0.9810 -13.69   -14.90    26.50     0.00    0.00  230.00 0.0000    0.00    0.00  0.0000  0.0000    0  234
 324  1            1  1  0 0.9750 -23.42    24.70    -1.20     0.00    0.00  115.00 0.0000    0.00    0.00  0.0000  0.0000    0  235
 526  1            1  1  0 0.9429 -34.31   145.30   -34.90     0.00    0.00  115.00 0.0000    0.00    0.00  0.0000  0.0000    0  236
 528  1            1  1  0 0.9723 -37.58    28.10   -20.50     0.00    0.00  115.00 0.0000    0.00    0.00  0.0000  0.0000    0  237
 531  1            1  1  0 0.9604 -29.10    14.00     2.50     0.00    0.00  115.00 0.0000    0.00    0.00  0.0000  0.0000    0  238
 552  1            1  1  0 1.0009 -23.36   -11.10    -1.40     0.00    0.00  115.00 0.0000    0.00    0.00  0.0000  0.0000    0  239
 562  1            1  1  0 0.9777 -28.00    50.50    17.40     0.00    0.00  230.00 0.0000    0.00    0.00  0.0000  0.0000    0  240
 609  1            1  1  0 0.9583 -28.79    29.60     0.60     0.00    0.00  115.00 0.0000    0.00    0.00  0.0000  0.0000    0  241
 664  3            1  3  0 1.0309 -17.00  -113.70    76.70     0.00    0.00  345.00 0.0000    0.00    0.00  0.0000  0.0000    0  242
1190  2            1  2  0 1.0128   3.90   100.31    29.17     0.00    0.00   86.00 0.0000    0.00    0.00  0.0000  0.0000    0  243
1200  2            1  2  0 1.0244  -7.52  -100.00    34.17     0.00    0.00   86.00 0.0000    0.00    0.00  0.0000  0.0000    0  244
1201  2            1  2  0 1.0122 -15.18     0.00     0.00     0.00    0.00  115.00 0.0000    0.00    0.00  0.0000  0.0000    0  245
2040  3            1  3  0 0.9653 -14.94     0.00     0.00     0.00    0.00  115.00 0.0000    0.00    0.00  0.0000  0.0000    0  246
7001  1            1  1  2 1.0507  10.79     0.00     0.00   467.00    0.00   13.80 1.0507  210.00 -210.00  0.0000  0.0000 7001  247
7002  1            1  1  2 1.0507  12.48     0.00     0.00   623.00    0.00   13.80 1.0507  280.00 -280.00  0.0000  0.0000 7002  248
7003  1            1  1  2 1.0323  13.76     0.00     0.00  1210.00    0.00   13.80 1.0323  420.00 -420.00  0.0000  0.0000 7003  249
7011  1            1  1  2 1.0145   4.99     0.00     0.00   234.00    0.00   13.80 1.0145  100.00 -100.00  0.0000  0.0000 7011  250
7012  1            1  1  2 1.0507  11.57     0.00     0.00   372.00    0.00   13.80 1.0507  224.00 -224.00  0.0000  0.0000 7012  251
7017  1            1  1  2 1.0507 -10.47     0.00     0.00   330.00    0.00   13.80 1.0507  350.00    0.00  0.0000  0.0000 7017  252
7023  1            1  1  2 1.0507   6.15     0.00     0.00   185.00    0.00   13.80 1.0507  120.00    0.00  0.0000  0.0000 7023  253
7024  1            1  1  2 1.0290  12.60     0.00     0.00   410.00    0.00   13.80 1.0290  224.00 -224.00  0.0000  0.0000 7024  254
7039  1            1  1  2 1.0500   2.11     0.00     0.00   500.00    0.00   20.00 1.0500  200.00 -200.00  0.0000  0.0000 7039  255
7044  1            1  1  2 1.0145 -13.92     0.00     0.00    37.00    0.00   13.80 1.0145   42.00    0.00  0.0000  0.0000 7044  256
7049  1            1  1  3 1.0507   0.00     0.00     0.00     0.00    0.00   13.80 1.0507    0.00    0.00  0.0000  0.0000    0  257
7055  1            1  1  2 0.9967  -7.50     0.00     0.00    45.00    0.00   13.80 0.9967   25.00    0.00  0.0000  0.0000 7055  258
7057  1            1  1  2 1.0212  -3.44     0.00     0.00   165.00    0.00   13.80 1.0212   90.00  -90.00  0.0000  0.0000 7057  259
7061  1            1  1  2 1.0145   1.97     0.00     0.00   400.00    0.00   13.80 1.0145  150.00 -150.00  0.0000  0.0000 7061  260
7062  1            1  1  2 1.0017   5.80     0.00     0.00   400.00    0.00   13.80 1.0017  150.00    0.00  0.0000  0.0000 7062  261
7071  1            1  1  2 0.9893 -25.35     0.00     0.00   116.00    0.00   13.80 0.9893   87.00    0.00  0.0000  0.0000 7071  262
7130  2            1  2  2 1.0507  19.02     0.00     0.00  1292.00    0.00   13.80 1.0507  600.00 -100.00  0.0000  0.0000 7130  263
7139  2            1  2  2 1.0507   2.75     0.00     0.00   700.00    0.00   13.80 1.0507  325.00 -125.00  0.0000  0.0000 7139  264
7166  2            1  2  2 1.0145  35.05     0.00     0.00   553.00    0.00   13.80 1.0145  300.00 -200.00  0.0000  0.0000 7166  265
9001  1            1  9  0 1.0117 -11.25     0.00     0.00     0.00    0.00  115.00 0.0000    0.00    0.00  0.0000  0.0000    0  266
9002  1            1  9  2 0.9945 -18.86     0.00     0.00    -4.20    0.00    6.60 0.9945    2.00   -2.00  0.0000  0.0000 9002  267
9003  1            1  9  0 0.9833 -19.68     2.71     0.94     0.00    0.00    6.60 0.0000    0.00    0.00  0.0014  0.0240    0  268
9004  1            1  9  0 0.9768 -19.82     0.86     0.28     0.00    0.00    6.60 0.0000    0.00    0.00  0.0000  0.0000    0  269
9005  1            1  9  0 1.0117 -11.32     0.00     0.00     0.00    0.00  115.00 0.0000    0.00    0.00  0.0000  0.0000    0  270
9006  1            1  9  0 1.0029 -17.42     0.00     0.00     0.00    0.00    6.60 0.0000    0.00    0.00  0.0000  0.0000    0  271
9007  1            1  9  0 0.9913 -18.69     0.00     0.00     0.00    0.00    6.60 0.0000    0.00    0.00  0.0000  0.0000    0  272
9012  1            1  9  0 1.0023 -17.27     0.00     0.00     0.00    0.00    6.60 0.0000    0.00    0.00  0.0000  0.0000    0  273
9021  1            1  9  0 0.9887 -19.09     4.75     1.56     0.00    0.00    6.60 0.0000    0.00    0.00  0.0000  0.0000    0  274
9022  1            1  9  0 0.9648 -21.67     1.53     0.53     0.00    0.00    0.60 0.0000    0.00    0.00  0.0008  0.0000    0  275
9023  1            1  9  0 0.9747 -19.41     0.00     0.00     0.00    0.00    6.60 0.0000    0.00    0.00  0.0000  0.0000    0  276
9024  1            1  9  0 0.9706 -21.43     1.35     0.47     0.00    0.00    0.60 0.0000    0.00    0.00  0.0007  0.0000    0  277
9025  1            1  9  0 0.9649 -20.48     0.45     0.16     0.00    0.00    0.60 0.0000    0.00    0.00  0.0002  0.0000    0  278
9026  1            1  9  0 0.9657 -20.39     0.45     0.16     0.00    0.00    0.60 0.0000    0.00    0.00  0.0002  0.0000    0  279
9031  1            1  9  0 0.9318 -25.03     1.84     0.64     0.00    0.00    0.60 0.0000    0.00    0.00  0.0010  0.0000    0  280
9032  1            1  9  0 0.9441 -23.84     1.39     0.48     0.00    0.00    0.60 0.0000    0.00    0.00  0.0007  0.0000    0  281
9033  1            1  9  0 0.9286 -25.33     1.89     0.65     0.00    0.00    0.60 0.0000    0.00    0.00  0.0010  0.0000    0  282
9034  1            1  9  0 0.9973 -21.10     1.55     0.54     0.00    0.00    0.60 0.0000    0.00    0.00  0.0008  0.0172    0  283
9035  1            1  9  0 0.9506 -23.19     1.66     0.58     0.00    0.00    0.60 0.0000    0.00    0.00  0.0009  0.0000    0  284
9036  1            1  9  0 0.9598 -22.67     3.03     1.00     0.00    0.00    2.30 0.0000    0.00    0.00  0.0000  0.0000    0  285
9037  1            1  9  0 0.9570 -22.58     1.86     0.64     0.00    0.00    0.60 0.0000    0.00    0.00  0.0010  0.0000    0  286
9038  1            1  9  0 0.9391 -24.41     2.58     0.89     0.00    0.00    0.60 0.0000    0.00    0.00  0.0014  0.0000    0  287
9041  1            1  9  0 0.9636 -21.33     1.01     0.35     0.00    0.00    0.60 0.0000    0.00    0.00  0.0005  0.0000    0  288
9042  1            1  9  0 0.9501 -22.50     0.81     0.28     0.00    0.00    0.60 0.0000    0.00    0.00  0.0004  0.0000    0  289
9043  1            1  9  0 0.9646 -21.42     1.60     0.52     0.00    0.00    2.30 0.0000    0.00    0.00  0.0000  0.0000    0  290
9044  1            1  9  0 0.9790 -19.78     0.00     0.00     0.00    0.00    6.60 0.0000    0.00    0.00  0.0000  0.0000    0  291
9051  1            1  9  2 1.0000 -19.40     0.00     0.00   -35.81    0.00   13.80 1.0000   17.35  -17.35  0.0000  0.0000 9051  292
9052  1            1  9  0 0.9786 -17.25    30.00    23.00     0.00    0.00   13.80 0.0000    0.00    0.00  0.0000  0.0000    0  293
9053  1            1  9  2 1.0000 -17.68     0.00     0.00   -26.48    0.00   13.80 1.0000   12.83  -12.80  0.0000  0.0000 9053  294
9054  1            1  9  2 1.0000  -6.83     0.00     0.00    50.00    0.00   13.80 1.0000   38.00  -38.00  0.0000  0.0000 9054  295
9055  1            1  9  2 1.0000  -7.54     0.00     0.00     8.00    0.00   13.80 1.0000    6.00   -6.00  0.0000  0.0000 9055  296
9071  1            1  9  0 0.9752 -20.48     1.02     0.35     0.00    0.00    0.60 0.0000    0.00    0.00  0.0005  0.0000    0  297
9072  1            1  9  0 0.9803 -19.92     1.02     0.35     0.00    0.00    0.60 0.0000    0.00    0.00  0.0005  0.0000    0  298
9121  1            1  9  0 0.9799 -19.30     3.80     1.25     0.00    0.00    6.60 0.0000    0.00    0.00  0.0000  0.0000    0  299
9533  1            1  9  0 1.0402 -18.24     1.19     0.41     0.00    0.00    2.30 0.0000    0.00    0.00  0.0010  0.0000    0  300