 2.738185E-0001 -1.774683E+0002
 9.395095E-0004  7.105492E+0001
 1.280729E-0003  8.855731E+0001
 2.022876E-0003  8.833858E+0001
 2.784852E-0003  8.743141E+0001
 3.666219E-0003  8.507075E+0001
 4.489083E-0003  6.594243E+0001
 3.901721E-0003  8.697565E+0001
 4.976009E-0003  8.804174E+0001
 5.867602E-0003  8.697933E+0001
 6.551792E-0003  8.685744E+0001
 7.607825E-0003  8.357391E+0001
 7.342156E-0003  8.532671E+0001
 8.524106E-0003  8.732057E+0001
 9.509963E-0003  8.706374E+0001
 1.048470E-0002  8.646850E+0001
 1.137417E-0002  8.544017E+0001
 1.216384E-0002  8.617812E+0001
 1.335425E-0002  8.606607E+0001
 1.452213E-0002  8.559296E+0001
 1.563647E-0002  8.483176E+0001
 1.691723E-0002  8.511779E+0001
 1.841487E-0002  8.473759E+0001
 2.002323E-0002  8.423444E+0001
 2.179684E-0002  8.365224E+0001
 2.377835E-0002  8.295979E+0001
 2.602356E-0002  8.211428E+0001
 2.858522E-0002  8.105450E+0001
 3.152456E-0002  7.972035E+0001
 3.489938E-0002  7.804620E+0001
 3.874498E-0002  7.600902E+0001
 4.317825E-0002  7.373412E+0001
 4.862145E-0002  7.131062E+0001
 5.593979E-0002  6.836577E+0001
 6.626895E-0002  6.408167E+0001
 8.142652E-0002  5.655478E+0001
 1.017735E-0001  4.269557E+0001
 1.167688E-0001  1.895288E+0001
 1.023359E-0001 -8.530198E+0000
 7.242843E-0002 -2.584972E+0001
 4.929946E-0002 -3.111446E+0001
 3.469224E-0002 -2.639645E+0001
 2.714615E-0002 -1.217396E+0001
 2.647002E-0002  6.927186E+0000
 3.183758E-0002  2.029899E+0001
 4.066464E-0002  2.403092E+0001
 5.098855E-0002  2.125171E+0001
 6.110810E-0002  1.389428E+0001
 7.095986E-0002  3.957700E+0000
 7.892196E-0002 -1.092998E+0001
 7.690939E-0002 -2.912675E+0001
 6.548106E-0002 -4.414444E+0001
 5.270136E-0002 -5.367416E+0001
 4.212168E-0002 -5.877659E+0001
 3.390968E-0002 -6.091388E+0001
 2.748059E-0002 -6.080744E+0001
 2.226763E-0002 -5.857098E+0001
 1.802120E-0002 -5.375557E+0001
 1.464080E-0002 -4.550662E+0001
 1.226392E-0002 -3.258803E+0001
 1.118526E-0002 -1.473433E+0001
 1.176253E-0002  4.343793E+0000
 1.392959E-0002  1.957496E+0001
 1.734614E-0002  2.943272E+0001
 2.174065E-0002  3.499399E+0001
 2.703867E-0002  3.764105E+0001
 3.338650E-0002  3.822977E+0001
 4.110937E-0002  3.697991E+0001
 5.049605E-0002  3.376068E+0001
 6.163686E-0002  2.830818E+0001
 7.415406E-0002  2.037866E+0001
 8.672116E-0002  9.802415E+0000
 9.632555E-0002 -2.985952E+0000
 1.001541E-0001 -1.654618E+0001
 9.790025E-0002 -2.918993E+0001
 9.164254E-0002 -3.983625E+0001
 8.393326E-0002 -4.817405E+0001
 7.647431E-0002 -5.452295E+0001
 6.987950E-0002 -5.945113E+0001
 6.411333E-0002 -6.332791E+0001
 5.909738E-0002 -6.635500E+0001
 5.477429E-0002 -6.867584E+0001
 5.109352E-0002 -7.039879E+0001
 4.802197E-0002 -7.164238E+0001
 4.555597E-0002 -7.256760E+0001
 4.364635E-0002 -7.342834E+0001
 4.206428E-0002 -7.455582E+0001
 4.048135E-0002 -7.592397E+0001
 3.882733E-0002 -7.720928E+0001
 3.720359E-0002 -7.825664E+0001
 3.568396E-0002 -7.908793E+0001
 3.428475E-0002 -7.973253E+0001
 3.300220E-0002 -8.020846E+0001
 3.184879E-0002 -8.054089E+0001
 3.081684E-0002 -8.073313E+0001
 2.992073E-0002 -8.080827E+0001
 2.918500E-0002 -8.080315E+0001
 2.862113E-0002 -8.082196E+0001
 2.821101E-0002 -8.105438E+0001
 2.785624E-0002 -8.164101E+0001
 2.742855E-0002 -8.253848E+0001
 2.688353E-0002 -8.353416E+0001
 2.624476E-0002 -8.444951E+0001
 2.556637E-0002 -8.522548E+0001
 2.489065E-0002 -8.585860E+0001
 2.423745E-0002 -8.636106E+0001
 2.362037E-0002 -8.676888E+0001
 2.303260E-0002 -8.711765E+0001
 2.248046E-0002 -8.740973E+0001
 2.195785E-0002 -8.765897E+0001
 2.145796E-0002 -8.787043E+0001
 2.098348E-0002 -8.804224E+0001
 2.053294E-0002 -8.818720E+0001
 2.010076E-0002 -8.830004E+0001
 1.969402E-0002 -8.837991E+0001
 1.930735E-0002 -8.844044E+0001
 1.894216E-0002 -8.848015E+0001
 1.859521E-0002 -8.849081E+0001
 1.826637E-0002 -8.849860E+0001
 1.795452E-0002 -8.849987E+0001
 1.765876E-0002 -8.847980E+0001
 1.737980E-0002 -8.846421E+0001
 1.711249E-0002 -8.844706E+0001
 1.685869E-0002 -8.842838E+0001
 1.661653E-0002 -8.841638E+0001
 1.638078E-0002 -8.840418E+0001
 1.615495E-0002 -8.838491E+0001
 1.593768E-0002 -8.837286E+0001
 1.572755E-0002 -8.834970E+0001
 1.552594E-0002 -8.832738E+0001
 1.532915E-0002 -8.829938E+0001
 1.514340E-0002 -8.827776E+0001
 1.496361E-0002 -8.825393E+0001
 1.478866E-0002 -8.822734E+0001
 1.462099E-0002 -8.821050E+0001
 1.445982E-0002 -8.819250E+0001
 1.430393E-0002 -8.817593E+0001
 1.415039E-0002 -8.815936E+0001
 1.400516E-0002 -8.814841E+0001
 1.386156E-0002 -8.813743E+0001
 1.372140E-0002 -8.811805E+0001
 1.358667E-0002 -8.810110E+0001
 1.345815E-0002 -8.808920E+0001
 1.333457E-0002 -8.808168E+0001
 1.321493E-0002 -8.808612E+0001
 1.310100E-0002 -8.809386E+0001
 1.299102E-0002 -8.812296E+0001
 1.288061E-0002 -8.818027E+0001
 1.276851E-0002 -8.826235E+0001
 1.265247E-0002 -8.835292E+0001
 1.253220E-0002 -8.843584E+0001
 1.241095E-0002 -8.849545E+0001
 1.228828E-0002 -8.852355E+0001
 1.216998E-0002 -8.853197E+0001
 1.205812E-0002 -8.852317E+0001
 1.195015E-0002 -8.852462E+0001
 1.184762E-0002 -8.852876E+0001
 1.174245E-0002 -8.854001E+0001
 1.163846E-0002 -8.854478E+0001
 1.153392E-0002 -8.855146E+0001
 1.143110E-0002 -8.853776E+0001
 1.132700E-0002 -8.851299E+0001
 1.122470E-0002 -8.847440E+0001
 1.112667E-0002 -8.841167E+0001
 1.102904E-0002 -8.832893E+0001
 1.093276E-0002 -8.822783E+0001
 1.084215E-0002 -8.808785E+0001
 1.075362E-0002 -8.792278E+0001
 1.067241E-0002 -8.770668E+0001
 1.060554E-0002 -8.744473E+0001
 1.055299E-0002 -8.717052E+0001
 1.051901E-0002 -8.689017E+0001
 1.050823E-0002 -8.665784E+0001
 1.051416E-0002 -8.654345E+0001
 1.052693E-0002 -8.656372E+0001
 1.053514E-0002 -8.673877E+0001
 1.052478E-0002 -8.701182E+0001
 1.049457E-0002 -8.733302E+0001
 1.044908E-0002 -8.764146E+0001
 1.039378E-0002 -8.793632E+0001
 1.032758E-0002 -8.819680E+0001
 1.025863E-0002 -8.841371E+0001
 1.018788E-0002 -8.860339E+0001
 1.011633E-0002 -8.877603E+0001
 1.004565E-0002 -8.891622E+0001
 9.974959E-0003 -8.904311E+0001
 9.908766E-0003 -8.916043E+0001
 9.841128E-0003 -8.927687E+0001
 9.774995E-0003 -8.938339E+0001
 9.708351E-0003 -8.947742E+0001
 9.644558E-0003 -8.957206E+0001
 9.580524E-0003 -8.966312E+0001
 9.517906E-0003 -8.973731E+0001
 9.454127E-0003 -8.981704E+0001
 9.393032E-0003 -8.988481E+0001
 9.333123E-0003 -8.996496E+0001
 9.273918E-0003 -9.003304E+0001
 9.214574E-0003 -9.011095E+0001
 9.155771E-0003 -9.016890E+0001
 9.096540E-0003 -9.022739E+0001
 9.038213E-0003 -9.029809E+0001
 8.981573E-0003 -9.034789E+0001
 8.926244E-0003 -9.038924E+0001
 8.870629E-0003 -9.044733E+0001
 8.816494E-0003 -9.047708E+0001
 8.761786E-0003 -9.053088E+0001
 8.708389E-0003 -9.057783E+0001
 8.655051E-0003 -9.061556E+0001
 8.603566E-0003 -9.065236E+0001
 8.549638E-0003 -9.068468E+0001
 8.497523E-0003 -9.070899E+0001
 8.445539E-0003 -9.074615E+0001
 8.392901E-0003 -9.075610E+0001
 8.343001E-0003 -9.078313E+0001
 8.293682E-0003 -9.079491E+0001
 8.244140E-0003 -9.080551E+0001
 8.195542E-0003 -9.082561E+0001
 8.151064E-0003 -9.082214E+0001
 8.103381E-0003 -9.082819E+0001
 8.055786E-0003 -9.082357E+0001
 8.008949E-0003 -9.081744E+0001
 7.963910E-0003 -9.080268E+0001
 7.920222E-0003 -9.078909E+0001
 7.875169E-0003 -9.077753E+0001
 7.830727E-0003 -9.075925E+0001
 7.788369E-0003 -9.071685E+0001
 7.744699E-0003 -9.067827E+0001
 7.702495E-0003 -9.063251E+0001
 7.669738E-0003 -9.058948E+0001
 7.630429E-0003 -9.052387E+0001
 7.578013E-0003 -9.040330E+0001
 7.535939E-0003 -9.029022E+0001
 7.499275E-0003 -9.019116E+0001
 7.463111E-0003 -9.007042E+0001
 7.433559E-0003 -8.994701E+0001
 7.416572E-0003 -8.984010E+0001
 7.387964E-0003 -8.964407E+0001
 7.362246E-0003 -8.944760E+0001
 7.343446E-0003 -8.924548E+0001
 7.331439E-0003 -8.902408E+0001
 7.326137E-0003 -8.882673E+0001
 7.330347E-0003 -8.864501E+0001
 7.337095E-0003 -8.851117E+0001
 7.350196E-0003 -8.845717E+0001
 7.364911E-0003 -8.846844E+0001
 7.374990E-0003 -8.855080E+0001
 7.382933E-0003 -8.866387E+0001
 7.386047E-0003 -8.881116E+0001
 7.381721E-0003 -8.898344E+0001
 7.371477E-0003 -8.915673E+0001
 7.360843E-0003 -8.933276E+0001
 7.347088E-0003 -8.948927E+0001
 7.331899E-0003 -8.964128E+0001
 7.317095E-0003 -8.979987E+0001
 7.299381E-0003 -8.996008E+0001
 7.283674E-0003 -9.012737E+0001
 7.264066E-0003 -9.028950E+0001
 7.239202E-0003 -9.045613E+0001
 7.215070E-0003 -9.062160E+0001
 7.190137E-0003 -9.075914E+0001
 7.160902E-0003 -9.088668E+0001
 7.130345E-0003 -9.099413E+0001
 7.098521E-0003 -9.108220E+0001
 7.069373E-0003 -9.114224E+0001
 7.040323E-0003 -9.118467E+0001
 7.012805E-0003 -9.122428E+0001
 6.988166E-0003 -9.122256E+0001
 6.964168E-0003 -9.122813E+0001
 6.943977E-0003 -9.123933E+0001
 6.922501E-0003 -9.124959E+0001
 6.905660E-0003 -9.125599E+0001
 6.887886E-0003 -9.127271E+0001
 6.870861E-0003 -9.129068E+0001
 6.853354E-0003 -9.130190E+0001
 6.838544E-0003 -9.132230E+0001
 6.823897E-0003 -9.134795E+0001
 6.809440E-0003 -9.135804E+0001
 6.795820E-0003 -9.137141E+0001
 6.782721E-0003 -9.139567E+0001
 6.769020E-0003 -9.141962E+0001
 6.756914E-0003 -9.143685E+0001
 6.746630E-0003 -9.146192E+0001
 6.736268E-0003 -9.150690E+0001
 6.726447E-0003 -9.152073E+0001
 6.716540E-0003 -9.155403E+0001
 6.709435E-0003 -9.159682E+0001
 6.700659E-0003 -9.161951E+0001
 6.692892E-0003 -9.165061E+0001
 6.685354E-0003 -9.171064E+0001
 6.679631E-0003 -9.174409E+0001
 6.672471E-0003 -9.179882E+0001
 6.668030E-0003 -9.181908E+0001
 6.662801E-0003 -9.188560E+0001
 6.657387E-0003 -9.195139E+0001
 6.655779E-0003 -9.199083E+0001
 6.652202E-0003 -9.205798E+0001
 6.649258E-0003 -9.213407E+0001
 6.645609E-0003 -9.218739E+0001
 6.643417E-0003 -9.224782E+0001
 6.642630E-0003 -9.233545E+0001
 6.642434E-0003 -9.243256E+0001
 6.641705E-0003 -9.250987E+0001
 6.640413E-0003 -9.257088E+0001
 6.641113E-0003 -9.264162E+0001
 6.645767E-0003 -9.271249E+0001
 6.645837E-0003 -9.278480E+0001
 6.648157E-0003 -9.287263E+0001
 6.651919E-0003 -9.298499E+0001
 6.656499E-0003 -9.309305E+0001
 6.657683E-0003 -9.321980E+0001
 6.662272E-0003 -9.334557E+0001
 6.668902E-0003 -9.348145E+0001
 6.676539E-0003 -9.364301E+0001
 6.682583E-0003 -9.381953E+0001
 6.691070E-0003 -9.400384E+0001
 6.697067E-0003 -9.417211E+0001
 6.702723E-0003 -9.434908E+0001
 6.706813E-0003 -9.453072E+0001
 6.710955E-0003 -9.470835E+0001
 6.716679E-0003 -9.489153E+0001
 6.721430E-0003 -9.506319E+0001
 6.723969E-0003 -9.523351E+0001
 6.731828E-0003 -9.539215E+0001
 6.740334E-0003 -9.556853E+0001
 6.750768E-0003 -9.574982E+0001
 6.762834E-0003 -9.594093E+0001
 6.776421E-0003 -9.615342E+0001
 6.790041E-0003 -9.637672E+0001
 6.803928E-0003 -9.659224E+0001
 6.818496E-0003 -9.684191E+0001
 6.835136E-0003 -9.710951E+0001
 6.848983E-0003 -9.739715E+0001
 6.864988E-0003 -9.768474E+0001
 6.879757E-0003 -9.802055E+0001
 6.895659E-0003 -9.834019E+0001
 6.910190E-0003 -9.869144E+0001
 6.925758E-0003 -9.904626E+0001
 6.938432E-0003 -9.943655E+0001
 6.952869E-0003 -9.982854E+0001
 6.965428E-0003 -1.002571E+0002
 6.975904E-0003 -1.006833E+0002
 6.985785E-0003 -1.011472E+0002
 6.993066E-0003 -1.016243E+0002
 6.995204E-0003 -1.021192E+0002
 6.996891E-0003 -1.026190E+0002
 6.994701E-0003 -1.031295E+0002
 6.987464E-0003 -1.035927E+0002
 6.976183E-0003 -1.040721E+0002
 6.966190E-0003 -1.045337E+0002
 6.953535E-0003 -1.049505E+0002
 6.941751E-0003 -1.053306E+0002
 6.933543E-0003 -1.056898E+0002
 6.926783E-0003 -1.060397E+0002
 6.925779E-0003 -1.063667E+0002
 6.928937E-0003 -1.066903E+0002
 6.936698E-0003 -1.070438E+0002
 6.947595E-0003 -1.074223E+0002
 6.961315E-0003 -1.078180E+0002
 6.979762E-0003 -1.082532E+0002
 7.000238E-0003 -1.087256E+0002
 7.018931E-0003 -1.092498E+0002
 7.042961E-0003 -1.098076E+0002
 7.064134E-0003 -1.104385E+0002
 7.084052E-0003 -1.110841E+0002
 7.106551E-0003 -1.117640E+0002
 7.122414E-0003 -1.125272E+0002
 7.139438E-0003 -1.133253E+0002
 7.151976E-0003 -1.141442E+0002
 7.163736E-0003 -1.150086E+0002
 7.168003E-0003 -1.159241E+0002
 7.170724E-0003 -1.168804E+0002
 7.167028E-0003 -1.178713E+0002
 7.160320E-0003 -1.188812E+0002
 7.146443E-0003 -1.199595E+0002
 7.128811E-0003 -1.210446E+0002
 7.101387E-0003 -1.221599E+0002
 7.070180E-0003 -1.232955E+0002
 7.033051E-0003 -1.244690E+0002
 6.987771E-0003 -1.256657E+0002
 6.935102E-0003 -1.268777E+0002
 6.873034E-0003 -1.280838E+0002
 6.807248E-0003 -1.293248E+0002
 6.728010E-0003 -1.305647E+0002
 6.647404E-0003 -1.317848E+0002
 6.557077E-0003 -1.329978E+0002
 6.457405E-0003 -1.342133E+0002
 6.355912E-0003 -1.353858E+0002
 6.244531E-0003 -1.365475E+0002
 6.128273E-0003 -1.376649E+0002
 6.007176E-0003 -1.387486E+0002
 5.883485E-0003 -1.397918E+0002
 5.754112E-0003 -1.407663E+0002
 5.619836E-0003 -1.417216E+0002
 5.485626E-0003 -1.425904E+0002
 5.350429E-0003 -1.433968E+0002
 5.212838E-0003 -1.441362E+0002
 5.077066E-0003 -1.448113E+0002
 4.939510E-0003 -1.453940E+0002
 4.802999E-0003 -1.459390E+0002
 4.668620E-0003 -1.463638E+0002
 4.596249E-0003 -1.477982E+0002
