9.9868896996e-001 -8.7523790004e-004
1.8078524838e-004 -7.6262220588e-005
7.1771931162e-005 -1.3938319676e-004
5.3046233094e-005 -1.4570966813e-004
5.0621666040e-005 -1.5391786738e-004
9.9857156508e-001 -9.3986489293e-004
2.0340010871e-004 -1.2984017279e-004
7.6729941813e-005 -1.9252110601e-004
5.4514968315e-005 -1.9742088264e-004
5.1896015143e-005 -2.0763267958e-004
9.9845066520e-001 -1.0110223480e-003
2.2393985813e-004 -2.0160823049e-004
7.6704943384e-005 -2.6030413372e-004
5.0336011031e-005 -2.6266984895e-004
4.7433009794e-005 -2.7542044954e-004
9.9832748188e-001 -1.0918006203e-003
2.3946816411e-004 -2.9524235432e-004
6.8758267650e-005 -3.4477188280e-004
3.7554338698e-005 -3.4303977910e-004
3.4217261245e-005 -3.5897459006e-004
9.9820286986e-001 -1.1866502927e-003
2.4600758200e-004 -4.1427891733e-004
4.9293260277e-005 -4.4751843591e-004
1.2633504236e-005 -4.3957813574e-004
8.6384606227e-006 -4.5945662444e-004
9.9807679466e-001 -1.3013581801e-003
2.3863315635e-004 -5.6159867693e-004
1.4209964215e-005 -5.6934779745e-004
-2.8389845211e-005 -5.5247929637e-004
-3.3346713491e-005 -5.7717543586e-004
9.9794793081e-001 -1.4426289536e-003
2.1200645195e-004 -7.3887272832e-004
-4.0693175174e-005 -7.0989990927e-004
-8.9548257303e-005 -6.8071896473e-004
-9.5841278579e-005 -7.1122051855e-004
9.9781379841e-001 -1.6174047963e-003
1.6146308483e-004 -9.4632914792e-004
-1.1894274211e-004 -8.6739621922e-004
-1.7422800097e-004 -8.2173953382e-004
-1.8226381120e-004 -8.5915791418e-004
9.9767171347e-001 -1.8324741029e-003
8.4468852137e-005 -1.1833162315e-003
-2.2218196228e-004 -1.0388380012e-003
-2.8396201372e-004 -9.7151344479e-004
-2.9410694046e-004 -1.0171352034e-003
9.9752025499e-001 -2.0951712471e-003
-1.8128877075e-005 -1.4500046563e-003
-3.4879580099e-004 -1.2211525401e-003
-4.1693877754e-004 -1.1255570802e-003
-4.2943758821e-004 -1.1809785995e-003
9.9736019108e-001 -2.4155790208e-003
-1.4191717767e-004 -1.7501163323e-003
-4.9319179763e-004 -1.4135572787e-003
-5.6708880689e-004 -1.2812702559e-003
-5.8203959799e-004 -1.3486314965e-003
9.9719362025e-001 -2.8095528112e-003
-2.8054740494e-004 -2.0938376495e-003
-6.4679340384e-004 -1.6205429099e-003
-7.2492548848e-004 -1.4410305835e-003
-7.4238084533e-004 -1.5233053712e-003
9.9702103864e-001 -3.3009534896e-003
-4.2909749886e-004 -2.4995349062e-003
-8.0101718508e-004 -1.8539584336e-003
-8.8051038309e-004 -1.6144372207e-003
-9.0072708579e-004 -1.7156901857e-003
9.9683747373e-001 -3.9218054612e-003
-5.8795731580e-004 -2.9933025519e-003
-9.5106882964e-004 -2.1328787702e-003
-1.0273605526e-003 -1.8182412152e-003
-1.0511492279e-003 -1.9437676818e-003
9.9662927129e-001 -4.7104838795e-003
-7.6573454141e-004 -3.6066348031e-003
-1.0987556853e-003 -2.4813597428e-003
-1.1653502772e-003 -2.0739919792e-003
-1.1944349767e-003 -2.2303122268e-003
9.9637220416e-001 -5.7089753189e-003
-9.8058358957e-004 -4.3733576730e-003
-1.2533706050e-003 -2.9254359544e-003
-1.3014901566e-003 -2.4048487709e-003
-1.3387961922e-003 -2.5995896995e-003
9.9603051824e-001 -6.9598210039e-003
-1.2603832935e-003 -5.3265430242e-003
-1.4310465773e-003 -3.4906193879e-003
-1.4489517692e-003 -2.8330562551e-003
-1.4987814165e-003 -3.0747900437e-003
9.9555666718e-001 -8.5022078148e-003
-1.6421084607e-003 -6.4950582866e-003
-1.6534180824e-003 -4.2001058474e-003
-1.6253795713e-003 -3.3785188307e-003
-1.6934843854e-003 -3.6766270892e-003
9.9489298475e-001 -1.0366247205e-002
-2.1694247303e-003 -7.8990318242e-003
-1.9456780877e-003 -5.0731903339e-003
-1.8509677198e-003 -4.0580111204e-003
-1.9445459541e-003 -4.4226112296e-003
9.9397847521e-001 -1.2565990524e-002
-2.8859421041e-003 -9.5449202094e-003
-2.3330399712e-003 -6.1239159019e-003
-2.1457653160e-003 -4.8847811281e-003
-2.2733852926e-003 -5.3267461068e-003
9.9276423981e-001 -1.5095789873e-002
-3.8216201843e-003 -1.1424414778e-002
-2.8344872901e-003 -7.3617561053e-003
-2.5254229562e-003 -5.8696284368e-003
-2.6968698096e-003 -6.4008100199e-003
9.9123639877e-001 -1.7939657853e-002
-4.9744376806e-003 -1.3525310138e-002
-3.4549144429e-003 -8.7980035549e-003
-2.9961601516e-003 -7.0259250407e-003
-3.2223472353e-003 -7.6597892254e-003
9.8943416301e-001 -2.1102554852e-002
-6.2991782605e-003 -1.5860343862e-002
-4.1813542087e-003 -1.0460398150e-002
-3.5529668435e-003 -8.3801879605e-003
-3.8463477588e-003 -9.1329851152e-003
9.8744184806e-001 -2.4657842327e-002
-7.7206972591e-003 -1.8505673157e-002
-4.9913297955e-003 -1.2411662506e-002
-4.1865504664e-003 -9.9849461856e-003
-4.5626393461e-003 -1.0877117648e-002
9.8534477857e-001 -2.8784083676e-002
-9.1752189887e-003 -2.1624181227e-002
-5.8745777517e-003 -1.4760147841e-002
-4.8996172234e-003 -1.1925597847e-002
-5.3799271882e-003 -1.2982641856e-002
9.8316863791e-001 -3.3764263741e-002
-1.0657252689e-002 -2.5455519555e-002
-6.8574260948e-003 -1.7654440638e-002
-5.7248597226e-003 -1.4315807918e-002
-6.3409872584e-003 -1.5567838418e-002
9.8083657733e-001 -3.9949736575e-002
-1.2245239140e-002 -3.0284063888e-002
-8.0176919638e-003 -2.1267467166e-002
-6.7364565818e-003 -1.7285528085e-002
-7.5348581304e-003 -1.8765246935e-002
9.7815905482e-001 -4.7717281613e-002
-1.4103833935e-002 -3.6411029111e-002
-9.4899014230e-003 -2.5782037457e-002
-8.0554117755e-003 -2.0969757226e-002
-9.1028446795e-003 -2.2708832669e-002
9.7484241984e-001 -5.7443673312e-002
-1.6481658305e-002 -4.4142608915e-002
-1.1470212984e-002 -3.1382480439e-002
-9.8555281982e-003 -2.5500707425e-002
-1.1245640672e-002 -2.7524208101e-002
9.7049162947e-001 -6.9500244361e-002
-1.9721286947e-002 -5.3786218062e-002
-1.4229277653e-002 -3.8247495092e-002
-1.2375757156e-002 -3.0999308444e-002
-1.4237469827e-002 -3.3317090636e-002
9.6458974382e-001 -8.4251708202e-002
-2.4286399017e-002 -6.5640006033e-002
-1.8135833900e-002 -4.6535603787e-002
-1.5940845722e-002 -3.7559282247e-002
-1.8448919177e-002 -4.0152300860e-002
9.5645124205e-001 -1.0203480202e-001
-3.0803491744e-002 -7.9961955406e-002
-2.3690295486e-002 -5.6353771940e-002
-2.0989765431e-002 -4.5215929468e-002
-2.4377231651e-002 -4.8014326380e-002
9.4516232108e-001 -1.2309273469e-001
-4.0111665795e-002 -9.6904157857e-002
-3.1564544022e-002 -6.7696913859e-002
-2.8108745238e-002 -5.3888584408e-002
-3.2679351953e-002 -5.6737102000e-002
9.2953380716e-001 -1.4744896703e-001
-5.3305333402e-002 -1.1639393260e-001
-4.2635922023e-002 -8.0341228674e-002
-3.8057826304e-002 -6.3280913464e-002
-4.4193761234e-002 -6.5885971905e-002
9.0810216468e-001 -1.7471111424e-001
-7.1736465590e-002 -1.3794443850e-001
-5.7986579922e-002 -9.3673974142e-002
-5.1763731200e-002 -7.2722936627e-002
-5.9919014490e-002 -7.4575262120e-002
8.7923218154e-001 -2.0380588886e-001
-9.6919564569e-002 -1.6039234571e-001
-7.8816791483e-002 -1.0645366745e-001
-7.0230470632e-002 -8.0949563679e-002
-8.0892702258e-002 -8.1217863072e-002
8.4140012448e-001 -2.3267558343e-001
-1.3026067608e-001 -1.8159155491e-001
-1.0619637831e-001 -1.1652105964e-001
-9.4295792188e-002 -8.5835441271e-002
-1.0788753400e-001 -8.3233099107e-002
7.9375800350e-001 -2.5802500667e-001
-1.7250963860e-001 -1.9814467079e-001
-1.4054913993e-001 -1.2053212206e-001
-1.2413341825e-001 -8.4154930511e-002
-1.4080969253e-001 -7.6799126595e-002
7.3709430376e-001 -2.7532501438e-001
-2.2281190829e-001 -2.0536650723e-001
-1.8073877071e-001 -1.1390106508e-001
-1.5837772499e-001 -7.1548839293e-002
-1.7766456229e-001 -5.6871297549e-002
6.7522314538e-001 -2.7954385311e-001
-2.7730369380e-001 -1.9793789117e-001
-2.2269750824e-001 -9.1397142267e-002
-1.9282296114e-001 -4.3119310566e-002
-2.1305979838e-001 -1.7962209629e-002
6.1630828200e-001 -2.6744258402e-001
-3.2768639175e-001 -1.7208799254e-001
-2.5800052697e-001 -4.9178746156e-002
-2.1908617563e-001 4.6208474354e-003
-2.3673973618e-001 4.3498475308e-002
5.7228691605e-001 -2.4204207461e-001
-3.6152110741e-001 -1.2998938838e-001
-2.7395198432e-001 1.1093804200e-002
-2.2468821726e-001 6.9869365310e-002
-2.3385330912e-001 1.2464521119e-001
5.5309692539e-001 -2.1755480112e-001
-3.6750504746e-001 -8.4902657941e-002
-2.5810476997e-001 7.7290654401e-002
-1.9721628302e-001 1.4086797241e-001
-1.8992816806e-001 2.1094010612e-001
5.5414999003e-001 -2.1800136727e-001
-3.4758693332e-001 -6.0659411847e-002
-2.0900520908e-001 1.2653582077e-001
-1.3415428706e-001 1.9548431219e-001
-1.0207621223e-001 2.7598734986e-001
5.4547180928e-001 -2.5989111157e-001
-3.2837343582e-001 -7.5853630361e-002
-1.4688440325e-001 1.3811530377e-001
-5.2665402747e-002 2.1260934238e-001
1.0383709791e-002 2.9454251023e-001
4.8502437883e-001 -3.2315754522e-001
-3.5012698994e-001 -1.1567097093e-001
-1.0566970258e-001 1.1739589329e-001
1.7235142555e-002 1.9312948990e-001
1.1410840943e-001 2.6519167601e-001
3.6580755051e-001 -3.4852074376e-001
-4.2260666451e-001 -1.2749194673e-001
-9.7111565389e-002 9.9865467296e-002
6.3445698621e-002 1.6279384023e-001
1.9475650046e-001 2.1164155685e-001
2.4297068763e-001 -2.9490313885e-001
-4.9846880218e-001 -7.4403981910e-002
-9.1420734585e-002 1.0679431574e-001
1.0573315578e-001 1.3337457854e-001
2.6785528681e-001 1.4011518877e-001
1.7830825433e-001 -1.8817279388e-001
-5.2705485746e-001 1.9100687310e-002
-6.7654745313e-002 1.1309345046e-001
1.4779955757e-001 7.9781918544e-002
3.2285353826e-001 2.1446731576e-002
1.8876355599e-001 -7.8444227030e-002
-5.0322330599e-001 1.1419423418e-001
-5.0705940224e-002 1.0326953690e-001
1.4899332510e-001 -3.3021450139e-004
2.9922187429e-001 -1.3427153890e-001
2.7090656910e-001 -1.6893441450e-002
-4.3052134376e-001 1.8472893902e-001
-5.2312886395e-002 1.0299343187e-001
9.3178539339e-002 -5.5341950791e-002
1.7707233580e-001 -2.4470074528e-001
3.6735848370e-001 -6.2692264248e-002
-3.3744570495e-001 1.9272753008e-001
-5.0991917024e-002 1.2692207204e-001
2.4697957108e-002 -4.4288739218e-002
2.7837388637e-002 -2.4350196597e-001
3.6919137172e-001 -1.8442534453e-001
-2.9029131407e-001 1.5160214136e-001
-2.3210844195e-002 1.6522144885e-001
8.2426580003e-003 1.3350943611e-002
-4.4374012355e-002 -1.6323648217e-001
2.6593288801e-001 -2.5456671919e-001
-2.9671328706e-001 1.3637797023e-001
3.7160993555e-002 1.8787666874e-001
5.3205479750e-002 4.1689647420e-002
-3.2173874955e-002 -1.2259338165e-001
1.7341620602e-001 -2.3285648193e-001
-2.8571223172e-001 1.6791597566e-001
1.0478355060e-001 1.7641135374e-001
8.8283520532e-002 1.3331129982e-002
-5.0751084847e-002 -1.4844770477e-001
1.3046902823e-001 -2.0612086040e-001
-2.3673230563e-001 1.8489786087e-001
1.6198853433e-001 1.4204941274e-001
8.6368915076e-002 -1.5651859639e-002
-1.2596123410e-001 -1.3708823063e-001
8.2068714909e-002 -1.8569222489e-001
-1.9632311418e-001 1.7548636283e-001
2.0827197045e-001 8.6291066089e-002
8.4593356470e-002 -3.3428209456e-002
-1.7550739022e-001 -7.0617578122e-002
4.5841034216e-002 -1.4066907902e-001
-1.6823952654e-001 1.6596199035e-001
2.2554766797e-001 8.3362662399e-003
7.7350537326e-002 -6.0129290787e-002
-1.8555241678e-001 5.9349208039e-003
4.2011380136e-002 -9.7069375224e-002
-1.4643616000e-001 1.5767735233e-001
1.9932047205e-001 -6.8109939070e-002
5.4430870390e-002 -8.3453584030e-002
-1.5762240165e-001 8.0516058200e-002
5.7446686750e-002 -7.6074327799e-002
-1.2919220809e-001 1.5742293801e-001
1.3898771935e-001 -1.1467655678e-001
2.2460831549e-002 -9.5260089490e-002
-9.4434107157e-002 1.2632344997e-001
