6.2831853072e+000
7.9409924592e+000
1.0036209049e+001
1.2684244771e+001
1.6030959959e+001
2.0260699936e+001
2.5606449204e+001
3.2362664810e+001
4.0901495763e+001
5.1693281917e+001
6.5332461454e+001
8.2570314002e+001
1.0435634297e+002
1.3189057652e+002
1.6668966812e+002
2.1067043751e+002
2.6625545385e+002
3.3650647687e+002
4.2529310607e+002
5.3750592783e+002
6.7932590096e+002
8.5856481913e+002
1.0850956038e+003
1.3713961288e+003
1.7332365329e+003
2.1905478774e+003
2.7685199983e+003
3.4989890246e+003
4.4221909909e+003
5.5889781368e+003
7.0636199745e+003
8.9273434110e+003
1.1282806927e+004
1.4259755259e+004
1.8022166058e+004
2.2777282185e+004
2.8787027158e+004
3.6382432541e+004
4.5981871985e+004
5.8114106276e+004
7.3447408782e+004
9.2826375600e+004
1.1731844799e+005
1.4827270966e+005
1.8739419765e+005
2.3683781994e+005
2.9932705311e+005
3.7830395817e+005
4.7811877769e+005
6.0426955797e+005
7.6370499493e+005
9.6520718542e+005
1.2198753668e+006
1.5417372901e+006
1.9485219035e+006
2.4626359061e+006
3.1123979644e+006
3.9335985741e+006
4.9714714889e+006
6.2831853072e+006
