1    2  1  1 1 0  0.03030   0.09990    0.02540     0     0     0    0 0  0.0       0.0 0.0    0.0     0.0    0.0    0.0
   1    3  1  1 1 0  0.01290   0.04240    0.01082     0     0     0    0 0  0.0       0.0 0.0    0.0     0.0    0.0    0.0
   4    5  1  1 1 0  0.00176   0.00798    0.00210     0     0     0    0 0  0.0       0.0 0.0    0.0     0.0    0.0    0.0
   3    5  1  1 1 0  0.02410   0.10800    0.02840     0     0     0    0 0  0.0       0.0 0.0    0.0     0.0    0.0    0.0
   5    6  1  1 1 0  0.01190   0.05400    0.01426     0     0     0    0 0  0.0       0.0 0.0    0.0     0.0    0.0    0.0
   6    7  1  1 1 0  0.00459   0.02080    0.00550     0     0     0    0 0  0.0       0.0 0.0    0.0     0.0    0.0    0.0
   8    9  1  1 1 0  0.00244   0.03050    1.16200     0     0     0    0 0  0.0       0.0 0.0    0.0     0.0    0.0    0.0
   8    5  1  1 1 1  0.00000   0.02670    0.0         0     0     0    0 0  0.985     0.0 0.0    0.0     0.0    0.0    0.0
   9   10  1  1 1 0  0.00258   0.03220    1.23000     0     0     0    0 0  0.0       0.0 0.0    0.0     0.0    0.0    0.0
   4   11  1  1 1 0  0.02090   0.06880    0.01748     0     0     0    0 0  0.0       0.0 0.0    0.0     0.0    0.0    0.0
   5   11  1  1 1 0  0.02030   0.06820    0.01738     0     0     0    0 0  0.0       0.0 0.0    0.0     0.0    0.0    0.0
  11   12  1  1 1 0  0.00595   0.01960    0.00502     0     0     0    0 0  0.0       0.0 0.0    0.0     0.0    0.0    0.0
   2   12  1  1 1 0  0.01870   0.06160    0.01572     0     0     0    0 0  0.0       0.0 0.0    0.0     0.0    0.0    0.0
   3   12  1  1 1 0  0.04840   0.16000    0.04060     0     0     0    0 0  0.0       0.0 0.0    0.0     0.0    0.0    0.0
   7   12  1  1 1 0  0.00862   0.03400    0.00874     0     0     0    0 0  0.0       0.0 0.0    0.0     0.0    0.0    0.0
  11   13  1  1 1 0  0.02225   0.07310    0.01876     0     0     0    0 0  0.0       0.0 0.0    0.0     0.0    0.0    0.0
  12   14  1  1 1 0  0.02150   0.07070    0.01816     0     0     0    0 0  0.0       0.0 0.0    0.0     0.0    0.0    0.0
  13   15  1  1 1 0  0.07440   0.24440    0.06268     0     0     0    0 0  0.0       0.0 0.0    0.0     0.0    0.0    0.0
  14   15  1  1 1 0  0.05950   0.19500    0.05020     0     0     0    0 0  0.0       0.0 0.0    0.0     0.0    0.0    0.0
  12   16  1  1 1 0  0.02120   0.08340    0.02140     0     0     0    0 0  0.0       0.0 0.0    0.0     0.0    0.0    0.0
  15   17  1  1 1 0  0.01320   0.04370    0.04440     0     0     0    0 0  0.0       0.0 0.0    0.0     0.0    0.0    0.0
  16   17  1  1 1 0  0.04540   0.18010    0.04660     0     0     0    0 0  0.0       0.0 0.0    0.0     0.0    0.0    0.0
  17   18  1  1 1 0  0.01230   0.05050    0.01298     0     0     0    0 0  0.0       0.0 0.0    0.0     0.0    0.0    0.0
  18   19  1  1 1 0  0.01119   0.04930    0.01142     0     0     0    0 0  0.0       0.0 0.0    0.0     0.0    0.0    0.0
  19   20  1  1 1 0  0.02520   0.11700    0.02980     0     0     0    0 0  0.0       0.0 0.0    0.0     0.0    0.0    0.0
  15   19  1  1 1 0  0.01200   0.03940    0.01010     0     0     0    0 0  0.0       0.0 0.0    0.0     0.0    0.0    0.0
  20   21  1  1 1 0  0.01830   0.08490    0.02160     0     0     0    0 0  0.0       0.0 0.0    0.0     0.0    0.0    0.0
  21   22  1  1 1 0  0.02090   0.09700    0.02460     0     0     0    0 0  0.0       0.0 0.0    0.0     0.0    0.0    0.0
  22   23  1  1 1 0  0.03420   0.15900    0.04040     0     0     0    0 0  0.0       0.0 0.0    0.0     0.0    0.0    0.0
  23   24  1  1 1 0  0.01350   0.04920    0.04980     0     0     0    0 0  0.0       0.0 0.0    0.0     0.0    0.0    0.0
  23   25  1  1 1 0  0.01560   0.08000    0.08640     0     0     0    0 0  0.0       0.0 0.0    0.0     0.0    0.0    0.0
  26   25  1  1 1 1  0.00000   0.03820    0.0         0     0     0    0 0  0.960     0.0 0.0    0.0     0.0    0.0    0.0
  25   27  1  1 1 0  0.03180   0.16300    0.17640     0     0     0    0 0  0.0       0.0 0.0    0.0     0.0    0.0    0.0
  27   28  1  1 1 0  0.01913   0.08550    0.02160     0     0     0    0 0  0.0       0.0 0.0    0.0     0.0    0.0    0.0
  28   29  1  1 1 0  0.02370   0.09430    0.02380     0     0     0    0 0  0.0       0.0 0.0    0.0     0.0    0.0    0.0
  30   17  1  1 1 1  0.00000   0.03880    0.0         0     0     0    0 0  0.960     0.0 0.0    0.0     0.0    0.0    0.0
   8   30  1  1 1 0  0.00431   0.05040    0.51400     0     0     0    0 0  0.0       0.0 0.0    0.0     0.0    0.0    0.0
  26   30  1  1 1 0  0.00799   0.08600    0.90800     0     0     0    0 0  0.0       0.0 0.0    0.0     0.0    0.0    0.0
  17   31  1  1 1 0  0.04740   0.15630    0.03990     0     0     0    0 0  0.0       0.0 0.0    0.0     0.0    0.0    0.0
  29   31  1  1 1 0  0.01080   0.03310    0.00830     0     0     0    0 0  0.0       0.0 0.0    0.0     0.0    0.0    0.0
  23   32  1  1 1 0  0.03170   0.11530    0.11730     0     0     0    0 0  0.0       0.0 0.0    0.0     0.0    0.0    0.0
  31   32  1  1 1 0  0.02980   0.09850    0.02510     0     0     0    0 0  0.0       0.0 0.0    0.0     0.0    0.0    0.0
  27   32  1  1 1 0  0.02290   0.07550    0.01926     0     0     0    0 0  0.0       0.0 0.0    0.0     0.0    0.0    0.0
  15   33  1  1 1 0  0.03800   0.12440    0.03194     0     0     0    0 0  0.0       0.0 0.0    0.0     0.0    0.0    0.0
  19   34  1  1 1 0  0.07520   0.24700    0.06320     0     0     0    0 0  0.0       0.0 0.0    0.0     0.0    0.0    0.0
  35   36  1  1 1 0  0.00224   0.01020    0.00268     0     0     0    0 0  0.0       0.0 0.0    0.0     0.0    0.0    0.0
  35   37  1  1 1 0  0.01100   0.04970    0.01318     0     0     0    0 0  0.0       0.0 0.0    0.0     0.0    0.0    0.0
  33   37  1  1 1 0  0.04150   0.14200    0.03660     0     0     0    0 0  0.0       0.0 0.0    0.0     0.0    0.0    0.0
  34   36  1  1 1 0  0.00871   0.02680    0.00568     0     0     0    0 0  0.0       0.0 0.0    0.0     0.0    0.0    0.0
  34   37  1  1 1 0  0.00256   0.00940    0.00984     0     0     0    0 0  0.0       0.0 0.0    0.0     0.0    0.0    0.0
  38   37  1  1 1 1  0.00000   0.03750    0.0         0     0     0    0 0  0.935     0.0 0.0    0.0     0.0    0.0    0.0
  37   39  1  1 1 0  0.03210   0.10600    0.02700     0     0     0    0 0  0.0       0.0 0.0    0.0     0.0    0.0    0.0
  37   40  1  1 1 0  0.05930   0.16800    0.04200     0     0     0    0 0  0.0       0.0 0.0    0.0     0.0    0.0    0.0
  30   38  1  1 1 0  0.00464   0.05400    0.42200     0     0     0    0 0  0.0       0.0 0.0    0.0     0.0    0.0    0.0
  39   40  1  1 1 0  0.01840   0.06050    0.01552     0     0     0    0 0  0.0       0.0 0.0    0.0     0.0    0.0    0.0
  40   41  1  1 1 0  0.01450   0.04870    0.01222     0     0     0    0 0  0.0       0.0 0.0    0.0     0.0    0.0    0.0
  40   42  1  1 1 0  0.05550   0.18300    0.04660     0     0     0    0 0  0.0       0.0 0.0    0.0     0.0    0.0    0.0
  41   42  1  1 1 0  0.04100   0.13500    0.03440     0     0     0    0 0  0.0       0.0 0.0    0.0     0.0    0.0    0.0
  43   44  1  1 1 0  0.06080   0.24540    0.06068     0     0     0    0 0  0.0       0.0 0.0    0.0     0.0    0.0    0.0
  34   43  1  1 1 0  0.04130   0.16810    0.04226     0     0     0    0 0  0.0       0.0 0.0    0.0     0.0    0.0    0.0
  44   45  1  1 1 0  0.02240   0.09010    0.02240     0     0     0    0 0  0.0       0.0 0.0    0.0     0.0    0.0    0.0
  45   46  1  1 1 0  0.04000   0.13560    0.03320     0     0     0    0 0  0.0       0.0 0.0    0.0     0.0    0.0    0.0
  46   47  1  1 1 0  0.03800   0.12700    0.03160     0     0     0    0 0  0.0       0.0 0.0    0.0     0.0    0.0    0.0
  46   48  1  1 1 0  0.06010   0.18900    0.04720     0     0     0    0 0  0.0       0.0 0.0    0.0     0.0    0.0    0.0
  47   49  1  1 1 0  0.01910   0.06250    0.01604     0     0     0    0 0  0.0       0.0 0.0    0.0     0.0    0.0    0.0
  42   49  1  1 1 0  0.07150   0.32300    0.08600     0     0     0    0 0  0.0       0.0 0.0    0.0     0.0    0.0    0.0
  42   49  1  1 1 0  0.07150   0.32300    0.08600     0     0     0    0 0  0.0       0.0 0.0    0.0     0.0    0.0    0.0
  45   49  1  1 1 0  0.06840   0.18600    0.04440     0     0     0    0 0  0.0       0.0 0.0    0.0     0.0    0.0    0.0
  48   49  1  1 1 0  0.01790   0.05050    0.01258     0     0     0    0 0  0.0       0.0 0.0    0.0     0.0    0.0    0.0
  49   50  1  1 1 0  0.02670   0.07520    0.01874     0     0     0    0 0  0.0       0.0 0.0    0.0     0.0    0.0    0.0
  49   51  1  1 1 0  0.04860   0.13700    0.03420     0     0     0    0 0  0.0       0.0 0.0    0.0     0.0    0.0    0.0
  51   52  1  1 1 0  0.02030   0.05880    0.01396     0     0     0    0 0  0.0       0.0 0.0    0.0     0.0    0.0    0.0
  52   53  1  1 1 0  0.04050   0.16350    0.04058     0     0     0    0 0  0.0       0.0 0.0    0.0     0.0    0.0    0.0
  53   54  1  1 1 0  0.02630   0.12200    0.03100     0     0     0    0 0  0.0       0.0 0.0    0.0     0.0    0.0    0.0
  49   54  1  1 1 0  0.07300   0.28900    0.07380     0     0     0    0 0  0.0       0.0 0.0    0.0     0.0    0.0    0.0
  49   54  1  1 1 0  0.08690   0.29100    0.07300     0     0     0    0 0  0.0       0.0 0.0    0.0     0.0    0.0    0.0
  54   55  1  1 1 0  0.01690   0.07070    0.02020     0     0     0    0 0  0.0       0.0 0.0    0.0     0.0    0.0    0.0
  54   56  1  1 1 0  0.00275   0.00955    0.00732     0     0     0    0 0  0.0       0.0 0.0    0.0     0.0    0.0    0.0
  55   56  1  1 1 0  0.00488   0.01510    0.00374     0     0     0    0 0  0.0       0.0 0.0    0.0     0.0    0.0    0.0
  56   57  1  1 1 0  0.03430   0.09660    0.02420     0     0     0    0 0  0.0       0.0 0.0    0.0     0.0    0.0    0.0
  50   57  1  1 1 0  0.04740   0.13400    0.03320     0     0     0    0 0  0.0       0.0 0.0    0.0     0.0    0.0    0.0
  56   58  1  1 1 0  0.03430   0.09660    0.02420     0     0     0    0 0  0.0       0.0 0.0    0.0     0.0    0.0    0.0
  51   58  1  1 1 0  0.02550   0.07190    0.01788     0     0     0    0 0  0.0       0.0 0.0    0.0     0.0    0.0    0.0
  54   59  1  1 1 0  0.05030   0.22930    0.05980     0     0     0    0 0  0.0       0.0 0.0    0.0     0.0    0.0    0.0
  56   59  1  1 1 0  0.08250   0.25100    0.05690     0     0     0    0 0  0.0       0.0 0.0    0.0     0.0    0.0    0.0
  56   59  1  1 1 0  0.08030   0.23900    0.05360     0     0     0    0 0  0.0       0.0 0.0    0.0     0.0    0.0    0.0
  55   59  1  1 1 0  0.04739   0.21580    0.05646     0     0     0    0 0  0.0       0.0 0.0    0.0     0.0    0.0    0.0
  59   60  1  1 1 0  0.03170   0.14500    0.03760     0     0     0    0 0  0.0       0.0 0.0    0.0     0.0    0.0    0.0
  59   61  1  1 1 0  0.03280   0.15000    0.03880     0     0     0    0 0  0.0       0.0 0.0    0.0     0.0    0.0    0.0
  60   61  1  1 1 0  0.00264   0.01350    0.01456     0     0     0    0 0  0.0       0.0 0.0    0.0     0.0    0.0    0.0
  60   62  1  1 1 0  0.01230   0.05610    0.01468     0     0     0    0 0  0.0       0.0 0.0    0.0     0.0    0.0    0.0
  61   62  1  1 1 0  0.00824   0.03760    0.00980     0     0     0    0 0  0.0       0.0 0.0    0.0     0.0    0.0    0.0
  63   59  1  1 1 1  0.00000   0.03860    0.0         0     0     0    0 0  0.960     0.0 0.0    0.0     0.0    0.0    0.0
  63   64  1  1 1 0  0.00172   0.02000    0.21600     0     0     0    0 0  0.0       0.0 0.0    0.0     0.0    0.0    0.0
  64   61  1  1 1 1  0.00000   0.02680    0.0         0     0     0    0 0  0.985     0.0 0.0    0.0     0.0    0.0    0.0
  38   65  1  1 1 0  0.00901   0.09860    1.04600     0     0     0    0 0  0.0       0.0 0.0    0.0     0.0    0.0    0.0
  64   65  1  1 1 0  0.00269   0.03020    0.38000     0     0     0    0 0  0.0       0.0 0.0    0.0     0.0    0.0    0.0
  49   66  1  1 1 0  0.01800   0.09190    0.02480     0     0     0    0 0  0.0       0.0 0.0    0.0     0.0    0.0    0.0
  49   66  1  1 1 0  0.01800   0.09190    0.02480     0     0     0    0 0  0.0       0.0 0.0    0.0     0.0    0.0    0.0
  62   66  1  1 1 0  0.04820   0.21800    0.05780     0     0     0    0 0  0.0       0.0 0.0    0.0     0.0    0.0    0.0
  62   67  1  1 1 0  0.02580   0.11700    0.03100     0     0     0    0 0  0.0       0.0 0.0    0.0     0.0    0.0    0.0
  65   66  1  1 1 1  0.00000   0.03700    0.0         0     0     0    0 0  0.935     0.0 0.0    0.0     0.0    0.0    0.0
  66   67  1  1 1 0  0.02240   0.10150    0.02682     0     0     0    0 0  0.0       0.0 0.0    0.0     0.0    0.0    0.0
  65   68  1  1 1 0  0.00138   0.01600    0.63800     0     0     0    0 0  0.0       0.0 0.0    0.0     0.0    0.0    0.0
  47   69  1  1 1 0  0.08440   0.27780    0.07092     0     0     0    0 0  0.0       0.0 0.0    0.0     0.0    0.0    0.0
  49   69  1  1 1 0  0.09850   0.32400    0.08280     0     0     0    0 0  0.0       0.0 0.0    0.0     0.0    0.0    0.0
  68   69  1  1 1 1  0.00000   0.03700    0.0         0     0     0    0 0  0.935     0.0 0.0    0.0     0.0    0.0    0.0
  69   70  1  1 1 0  0.03000   0.12700    0.12200     0     0     0    0 0  0.0       0.0 0.0    0.0     0.0    0.0    0.0
  24   70  1  1 1 0  0.00221   0.41150    0.10198     0     0     0    0 0  0.0       0.0 0.0    0.0     0.0    0.0    0.0
  70   71  1  1 1 0  0.00882   0.03550    0.00878     0     0     0    0 0  0.0       0.0 0.0    0.0     0.0    0.0    0.0
  24   72  1  1 1 0  0.04880   0.19600    0.04880     0     0     0    0 0  0.0       0.0 0.0    0.0     0.0    0.0    0.0
  71   72  1  1 1 0  0.04460   0.18000    0.04444     0     0     0    0 0  0.0       0.0 0.0    0.0     0.0    0.0    0.0
  71   73  1  1 1 0  0.00866   0.04540    0.01178     0     0     0    0 0  0.0       0.0 0.0    0.0     0.0    0.0    0.0
  70   74  1  1 1 0  0.04010   0.13230    0.03368     0     0     0    0 0  0.0       0.0 0.0    0.0     0.0    0.0    0.0
  70   75  1  1 1 0  0.04280   0.14100    0.03600     0     0     0    0 0  0.0       0.0 0.0    0.0     0.0    0.0    0.0
  69   75  1  1 1 0  0.04050   0.12200    0.12400     0     0     0    0 0  0.0       0.0 0.0    0.0     0.0    0.0    0.0
  74   75  1  1 1 0  0.01230   0.04060    0.01034     0     0     0    0 0  0.0       0.0 0.0    0.0     0.0    0.0    0.0
  76   77  1  1 1 0  0.04440   0.14800    0.03680     0     0     0    0 0  0.0       0.0 0.0    0.0     0.0    0.0    0.0
  69   77  1  1 1 0  0.03090   0.10100    0.10380     0     0     0    0 0  0.0       0.0 0.0    0.0     0.0    0.0    0.0
  75   77  1  1 1 0  0.06010   0.19990    0.04978     0     0     0    0 0  0.0       0.0 0.0    0.0     0.0    0.0    0.0
  77   78  1  1 1 0  0.00376   0.01240    0.01264     0     0     0    0 0  0.0       0.0 0.0    0.0     0.0    0.0    0.0
  78   79  1  1 1 0  0.00546   0.02440    0.00648     0     0     0    0 0  0.0       0.0 0.0    0.0     0.0    0.0    0.0
  77   80  1  1 1 0  0.01700   0.04850    0.04720     0     0     0    0 0  0.0       0.0 0.0    0.0     0.0    0.0    0.0
  77   80  1  1 1 0  0.02940   0.10500    0.02280     0     0     0    0 0  0.0       0.0 0.0    0.0     0.0    0.0    0.0
  79   80  1  1 1 0  0.01560   0.07040    0.01870     0     0     0    0 0  0.0       0.0 0.0    0.0     0.0    0.0    0.0
  68   81  1  1 1 0  0.00175   0.02020    0.80800     0     0     0    0 0  0.0       0.0 0.0    0.0     0.0    0.0    0.0
  81   80  1  1 1 1  0.00000   0.03700    0.0         0     0     0    0 0  0.935     0.0 0.0    0.0     0.0    0.0    0.0
  77   82  1  1 1 0  0.02980   0.08530    0.08174     0     0     0    0 0  0.0       0.0 0.0    0.0     0.0    0.0    0.0
  82   83  1  1 1 0  0.01120   0.03665    0.03796     0     0     0    0 0  0.0       0.0 0.0    0.0     0.0    0.0    0.0
  83   84  1  1 1 0  0.06250   0.13200    0.02580     0     0     0    0 0  0.0       0.0 0.0    0.0     0.0    0.0    0.0
  83   85  1  1 1 0  0.04300   0.14800    0.03480     0     0     0    0 0  0.0       0.0 0.0    0.0     0.0    0.0    0.0
  84   85  1  1 1 0  0.03020   0.06410    0.01234     0     0     0    0 0  0.0       0.0 0.0    0.0     0.0    0.0    0.0
  85   86  1  1 1 0  0.03500   0.12300    0.02760     0     0     0    0 0  0.0       0.0 0.0    0.0     0.0    0.0    0.0
  86   87  1  1 1 0  0.02828   0.20740    0.04450     0     0     0    0 0  0.0       0.0 0.0    0.0     0.0    0.0    0.0
  85   88  1  1 1 0  0.02000   0.10200    0.02760     0     0     0    0 0  0.0       0.0 0.0    0.0     0.0    0.0    0.0
  85   89  1  1 1 0  0.02390   0.17300    0.04700     0     0     0    0 0  0.0       0.0 0.0    0.0     0.0    0.0    0.0
  88   89  1  1 1 0  0.01390   0.07120    0.01934     0     0     0    0 0  0.0       0.0 0.0    0.0     0.0    0.0    0.0
  89   90  1  1 1 0  0.05180   0.18800    0.05280     0     0     0    0 0  0.0       0.0 0.0    0.0     0.0    0.0    0.0
  89   90  1  1 1 0  0.02380   0.09970    0.10600     0     0     0    0 0  0.0       0.0 0.0    0.0     0.0    0.0    0.0
  90   91  1  1 1 0  0.02540   0.08360    0.02140     0     0     0    0 0  0.0       0.0 0.0    0.0     0.0    0.0    0.0
  89   92  1  1 1 0  0.00990   0.05050    0.05480     0     0     0    0 0  0.0       0.0 0.0    0.0     0.0    0.0    0.0
  89   92  1  1 1 0  0.03930   0.15810    0.04140     0     0     0    0 0  0.0       0.0 0.0    0.0     0.0    0.0    0.0
  91   92  1  1 1 0  0.03870   0.12720    0.03268     0     0     0    0 0  0.0       0.0 0.0    0.0     0.0    0.0    0.0
  92   93  1  1 1 0  0.02580   0.08480    0.02180     0     0     0    0 0  0.0       0.0 0.0    0.0     0.0    0.0    0.0
  92   94  1  1 1 0  0.04810   0.15800    0.04060     0     0     0    0 0  0.0       0.0 0.0    0.0     0.0    0.0    0.0
  93   94  1  1 1 0  0.02230   0.07320    0.01876     0     0     0    0 0  0.0       0.0 0.0    0.0     0.0    0.0    0.0
  94   95  1  1 1 0  0.01320   0.04340    0.01110     0     0     0    0 0  0.0       0.0 0.0    0.0     0.0    0.0    0.0
  80   96  1  1 1 0  0.03560   0.18200    0.04940     0     0     0    0 0  0.0       0.0 0.0    0.0     0.0    0.0    0.0
  82   96  1  1 1 0  0.01620   0.05300    0.05440     0     0     0    0 0  0.0       0.0 0.0    0.0     0.0    0.0    0.0
  94   96  1  1 1 0  0.02690   0.08690    0.02300     0     0     0    0 0  0.0       0.0 0.0    0.0     0.0    0.0    0.0
  80   97  1  1 1 0  0.01830   0.09340    0.02540     0     0     0    0 0  0.0       0.0 0.0    0.0     0.0    0.0    0.0
  80   98  1  1 1 0  0.02380   0.10800    0.02860     0     0     0    0 0  0.0       0.0 0.0    0.0     0.0    0.0    0.0
  80   99  1  1 1 0  0.04540   0.20600    0.05460     0     0     0    0 0  0.0       0.0 0.0    0.0     0.0    0.0    0.0
  92  100  1  1 1 0  0.06480   0.29500    0.04720     0     0     0    0 0  0.0       0.0 0.0    0.0     0.0    0.0    0.0
  94  100  1  1 1 0  0.01780   0.05800    0.06040     0     0     0    0 0  0.0       0.0 0.0    0.0     0.0    0.0    0.0
  95   96  1  1 1 0  0.01710   0.05470    0.01474     0     0     0    0 0  0.0       0.0 0.0    0.0     0.0    0.0    0.0
  96   97  1  1 1 0  0.01730   0.08850    0.02400     0     0     0    0 0  0.0       0.0 0.0    0.0     0.0    0.0    0.0
  98  100  1  1 1 0  0.03970   0.17900    0.04760     0     0     0    0 0  0.0       0.0 0.0    0.0     0.0    0.0    0.0
  99  100  1  1 1 0  0.01800   0.08130    0.02160     0     0     0    0 0  0.0       0.0 0.0    0.0     0.0    0.0    0.0
 100  101  1  1 1 0  0.02770   0.12620    0.03280     0     0     0    0 0  0.0       0.0 0.0    0.0     0.0    0.0    0.0
  92  102  1  1 1 0  0.01230   0.05590    0.01464     0     0     0    0 0  0.0       0.0 0.0    0.0     0.0    0.0    0.0
 101  102  1  1 1 0  0.02460   0.11200    0.02940     0     0     0    0 0  0.0       0.0 0.0    0.0     0.0    0.0    0.0
 100  103  1  1 1 0  0.01600   0.05250    0.05360     0     0     0    0 0  0.0       0.0 0.0    0.0     0.0    0.0    0.0
 100  104  1  1 1 0  0.04510   0.20400    0.05410     0     0     0    0 0  0.0       0.0 0.0    0.0     0.0    0.0    0.0
 103  104  1  1 1 0  0.04660   0.15840    0.04070     0     0     0    0 0  0.0       0.0 0.0    0.0     0.0    0.0    0.0
 103  105  1  1 1 0  0.05350   0.16250    0.04080     0     0     0    0 0  0.0       0.0 0.0    0.0     0.0    0.0    0.0
 100  106  1  1 1 0  0.06050   0.22900    0.06200     0     0     0    0 0  0.0       0.0 0.0    0.0     0.0    0.0    0.0
 104  105  1  1 1 0  0.00994   0.03780    0.00986     0     0     0    0 0  0.0       0.0 0.0    0.0     0.0    0.0    0.0
 105  106  1  1 1 0  0.01400   0.05470    0.01434     0     0     0    0 0  0.0       0.0 0.0    0.0     0.0    0.0    0.0
 105  107  1  1 1 0  0.05300   0.18300    0.04720     0     0     0    0 0  0.0       0.0 0.0    0.0     0.0    0.0    0.0
 105  108  1  1 1 0  0.02610   0.07030    0.01844     0     0     0    0 0  0.0       0.0 0.0    0.0     0.0    0.0    0.0
 106  107  1  1 1 0  0.05300   0.18300    0.04720     0     0     0    0 0  0.0       0.0 0.0    0.0     0.0    0.0    0.0
 108  109  1  1 1 0  0.01050   0.02880    0.00760     0     0     0    0 0  0.0       0.0 0.0    0.0     0.0    0.0    0.0
 103  110  1  1 1 0  0.03906   0.18130    0.04610     0     0     0    0 0  0.0       0.0 0.0    0.0     0.0    0.0    0.0
 109  110  1  1 1 0  0.02780   0.07620    0.02020     0     0     0    0 0  0.0       0.0 0.0    0.0     0.0    0.0    0.0
 110  111  1  1 1 0  0.02200   0.07550    0.02000     0     0     0    0 0  0.0       0.0 0.0    0.0     0.0    0.0    0.0
 110  112  1  1 1 0  0.02470   0.06400    0.06200     0     0     0    0 0  0.0       0.0 0.0    0.0     0.0    0.0    0.0
  17  113  1  1 1 0  0.00913   0.03010    0.00768     0     0     0    0 0  0.0       0.0 0.0    0.0     0.0    0.0    0.0
  32  113  1  1 1 0  0.06150   0.20300    0.05180     0     0     0    0 0  0.0       0.0 0.0    0.0     0.0    0.0    0.0
  32  114  1  1 1 0  0.01350   0.06120    0.01628     0     0     0    0 0  0.0       0.0 0.0    0.0     0.0    0.0    0.0
  27  115  1  1 1 0  0.01640   0.07410    0.01972     0     0     0    0 0  0.0       0.0 0.0    0.0     0.0    0.0    0.0
 114  115  1  1 1 0  0.00230   0.01040    0.00276     0     0     0    0 0  0.0       0.0 0.0    0.0     0.0    0.0    0.0
  68  116  1  1 1 0  0.00034   0.00405    0.16400     0     0     0    0 0  0.0       0.0 0.0    0.0     0.0    0.0    0.0
  12  117  1  1 1 0  0.03290   0.14000    0.03580     0     0     0    0 0  0.0       0.0 0.0    0.0     0.0    0.0    0.0
  75  118  1  1 1 0  0.01450   0.04810    0.01198     0     0     0    0 0  0.0       0.0 0.0    0.0     0.0    0.0    0.0
  76  118  1  1 1 0  0.01640   0.05440    0.01356     0     0     0    0 0  0.0       0.0 0.0    0.0     0.0    0.0    0.0